Assemble time: 27174407
Single particles energies:
1 0.401771
2 0.401771
3 0.596712
4 0.596712
5 0.596712
6 0.596712
7 0.671321
8 0.671321
9 0.671321
10 0.671321
11 0.693056
12 0.693056
13 0.738763
14 0.738763
15 0.738763
16 0.738763
17 0.771476
18 0.771476
19 0.771476
20 0.771476
21 0.809078
22 0.809078
23 0.809078
24 0.809078
25 0.845081
26 0.845081
27 0.845081
28 0.845081
29 0.861136
30 0.861136
31 0.883602
32 0.883602
33 0.883602
34 0.883602
35 0.918906
36 0.918906
37 0.918906
38 0.918906
39 0.943069
40 0.943069
41 0.943069
42 0.943069
43 0.962066
44 0.962066
45 0.962066
46 0.962066
47 0.994856
48 0.994856
49 0.994856
50 0.994856
51 1.022227
52 1.022227
53 1.022227
54 1.022227
55 1.033404
56 1.033404
57 1.043917
58 1.043917
59 1.043917
60 1.043917
61 1.073530
62 1.073530
63 1.073530
64 1.073530
65 1.101860
66 1.101860
67 1.101860
68 1.101860
69 1.120411
70 1.120411
71 1.120411
72 1.120411
73 1.128564
74 1.128564
75 1.128564
76 1.128564
77 1.154813
78 1.154813
79 1.154813
80 1.154813
81 1.181856
82 1.181856
83 1.181856
84 1.181856
85 1.203484
86 1.203484
87 1.203484
88 1.203484
89 1.212031
90 1.212031
91 1.223722
92 1.223722
93 1.223722
94 1.223722
95 1.262529
96 1.262529
97 1.262529
98 1.262529
99 1.310537
100 1.310537
101 1.310537
102 1.310537
103 1.310821
104 1.310821
105 1.310821
106 1.310821
107 1.343689
108 1.343689
109 1.343689
110 1.343689
111 1.356097
112 1.356097
113 1.356097
114 1.356097
115 1.383877
116 1.383877
117 1.383877
118 1.383877
119 1.386575
120 1.386575
121 1.386575
122 1.386575
123 1.431956
124 1.431956
125 1.431956
126 1.431956
127 1.466869
128 1.466869
129 1.466869
130 1.466869
131 1.479927
132 1.479927
Hartree-Fock energy after 16 Iterations: 0.525635
HF time: 27716
