Assemble time: 402441
Single particles energies:
1 0.979760
2 0.979760
3 1.050450
4 1.050450
5 1.050450
6 1.050450
7 1.217866
8 1.217866
9 1.217866
10 1.217866
11 1.248047
12 1.248047
13 1.290559
14 1.290559
15 1.290559
16 1.290559
17 1.318278
18 1.318278
19 1.318278
20 1.318278
21 1.373622
22 1.373622
23 1.373622
24 1.373622
25 1.425455
26 1.425455
27 1.425455
28 1.425455
29 1.428013
30 1.428013
31 1.428013
32 1.428013
33 1.435961
34 1.435961
35 1.493382
36 1.493382
37 1.493382
38 1.493382
39 1.511745
40 1.511745
41 1.511745
42 1.511745
43 1.568709
44 1.568709
45 1.568709
46 1.568709
47 1.620666
48 1.620666
49 1.620666
50 1.620666
51 1.668020
52 1.668020
53 1.668020
54 1.668020
55 1.696994
56 1.696994
57 1.696994
58 1.696994
59 1.698926
60 1.698926
61 1.732993
62 1.732993
63 1.732993
64 1.732993
65 1.779067
66 1.779067
67 1.779067
68 1.779067
69 1.786889
70 1.786889
71 1.786889
72 1.786889
Hartree-Fock energy after 32 Iterations: 3.852880
HF time: 5132
