Assemble time: 400882
Single particles energies:
1 1.841371
2 1.841371
3 1.924898
4 1.924898
5 2.013596
6 2.013596
7 2.050375
8 2.050375
9 2.114201
10 2.114201
11 2.181582
12 2.181582
13 2.233518
14 2.233518
15 2.334103
16 2.334103
17 2.384030
18 2.384030
19 2.392021
20 2.392021
21 2.527119
22 2.527119
23 2.592209
24 2.592209
25 2.627292
26 2.627292
27 2.786686
28 2.786686
29 2.830365
30 2.830365
31 2.911460
32 2.911460
33 2.988924
34 2.988924
35 3.150367
36 3.150367
37 3.223794
38 3.223794
39 3.309237
40 3.309237
41 3.455707
42 3.455707
43 3.652765
44 3.652765
45 3.702784
46 3.702784
47 3.796220
48 3.796220
49 3.905978
50 3.905978
51 4.157477
52 4.157477
53 4.235732
54 4.235732
55 4.282751
56 4.282751
57 4.396780
58 4.396780
59 4.531388
60 4.531388
61 4.702908
62 4.702908
63 4.849435
64 4.849435
65 4.958089
66 4.958089
67 5.050203
68 5.050203
69 5.270522
70 5.270522
71 5.335527
72 5.335527
Hartree-Fock energy after 53 Iterations: 3.501473
HF time: 8422
