Assemble time: 71444
Single particles energies:
1 0.989086
2 0.989086
3 1.059775
4 1.059775
5 1.059775
6 1.059775
7 1.225154
8 1.225154
9 1.225154
10 1.225154
11 1.258194
12 1.258194
13 1.325197
14 1.325197
15 1.325197
16 1.325197
17 1.363164
18 1.363164
19 1.363164
20 1.363164
21 1.379176
22 1.379176
23 1.379176
24 1.379176
25 1.435359
26 1.435359
27 1.435359
28 1.435359
29 1.444803
30 1.444803
31 1.525477
32 1.525477
33 1.525477
34 1.525477
35 1.575653
36 1.575653
37 1.575653
38 1.575653
39 1.606858
40 1.606858
41 1.606858
42 1.606858
43 1.621408
44 1.621408
45 1.621408
46 1.621408
47 1.677867
48 1.677867
49 1.677867
50 1.677867
51 1.706373
52 1.706373
53 1.706373
54 1.706373
55 1.709924
56 1.709924
Hartree-Fock energy after 30 Iterations: 3.863135
HF time: 1742
