Assemble time: 1927186
Single particles energies:
1 0.401772
2 0.401772
3 0.596713
4 0.596713
5 0.596713
6 0.596713
7 0.671322
8 0.671322
9 0.671322
10 0.671322
11 0.693056
12 0.693056
13 0.738785
14 0.738785
15 0.738785
16 0.738785
17 0.771528
18 0.771528
19 0.771528
20 0.771528
21 0.809090
22 0.809090
23 0.809090
24 0.809090
25 0.845139
26 0.845139
27 0.845139
28 0.845139
29 0.861216
30 0.861216
31 0.883628
32 0.883628
33 0.883628
34 0.883628
35 0.919526
36 0.919526
37 0.919526
38 0.919526
39 0.945039
40 0.945039
41 0.945039
42 0.945039
43 0.962065
44 0.962065
45 0.962065
46 0.962065
47 0.995046
48 0.995046
49 0.995046
50 0.995046
51 1.023345
52 1.023345
53 1.023345
54 1.023345
55 1.035265
56 1.035265
57 1.057288
58 1.057288
59 1.057288
60 1.057288
61 1.110200
62 1.110200
63 1.110200
64 1.110200
65 1.139013
66 1.139013
67 1.139013
68 1.139013
69 1.164740
70 1.164740
71 1.164740
72 1.164740
73 1.184599
74 1.184599
75 1.184599
76 1.184599
77 1.199803
78 1.199803
79 1.199803
80 1.199803
81 1.236865
82 1.236865
83 1.236865
84 1.236865
85 1.279435
86 1.279435
87 1.279435
88 1.279435
89 1.295811
90 1.295811
Hartree-Fock energy after 16 Iterations: 0.525635
HF time: 6802
