Assemble time: 402280
Single particles energies:
1 1.241970
2 1.241970
3 1.320368
4 1.320368
5 1.384813
6 1.384813
7 1.404213
8 1.404213
9 1.465069
10 1.465069
11 1.498185
12 1.498185
13 1.548273
14 1.548273
15 1.582612
16 1.582612
17 1.616161
18 1.616161
19 1.643975
20 1.643975
21 1.712281
22 1.712281
23 1.762412
24 1.762412
25 1.775708
26 1.775708
27 1.867028
28 1.867028
29 1.898800
30 1.898800
31 1.923568
32 1.923568
33 2.003861
34 2.003861
35 2.065950
36 2.065950
37 2.122559
38 2.122559
39 2.190239
40 2.190239
41 2.297969
42 2.297969
43 2.376457
44 2.376457
45 2.415333
46 2.415333
47 2.486415
48 2.486415
49 2.573551
50 2.573551
51 2.733955
52 2.733955
53 2.803557
54 2.803557
55 2.834516
56 2.834516
57 2.958587
58 2.958587
59 3.068174
60 3.068174
61 3.181094
62 3.181094
63 3.239968
64 3.239968
65 3.344311
66 3.344311
67 3.454878
68 3.454878
69 3.534774
70 3.534774
71 3.621734
72 3.621734
Hartree-Fock energy after 47 Iterations: 1.731872
HF time: 7009
