Assemble time: 1906938
Single particles energies:
1 0.979266
2 0.979266
3 1.049958
4 1.049958
5 1.049958
6 1.049958
7 1.213712
8 1.213712
9 1.213712
10 1.213712
11 1.241975
12 1.241975
13 1.290194
14 1.290194
15 1.290194
16 1.290194
17 1.317837
18 1.317837
19 1.317837
20 1.317837
21 1.347322
22 1.347322
23 1.347322
24 1.347322
25 1.386868
26 1.386868
27 1.386868
28 1.386868
29 1.392976
30 1.392976
31 1.425156
32 1.425156
33 1.425156
34 1.425156
35 1.478024
36 1.478024
37 1.478024
38 1.478024
39 1.493040
40 1.493040
41 1.493040
42 1.493040
43 1.511282
44 1.511282
45 1.511282
46 1.511282
47 1.553338
48 1.553338
49 1.553338
50 1.553338
51 1.585553
52 1.585553
53 1.585553
54 1.585553
55 1.589863
56 1.589863
57 1.620292
58 1.620292
59 1.620292
60 1.620292
61 1.673988
62 1.673988
63 1.673988
64 1.673988
65 1.732576
66 1.732576
67 1.732576
68 1.732576
69 1.778356
70 1.778356
71 1.778356
72 1.778356
73 1.786280
74 1.786280
75 1.786280
76 1.786280
77 1.793773
78 1.793773
79 1.793773
80 1.793773
81 1.855843
82 1.855843
83 1.855843
84 1.855843
85 1.873399
86 1.873399
87 1.873399
88 1.873399
89 1.875008
90 1.875008
Hartree-Fock energy after 32 Iterations: 3.852591
HF time: 11872
