Assemble time: 1911388
Single particles energies:
1 1.225982
2 1.225982
3 1.304485
4 1.304485
5 1.364631
6 1.364631
7 1.385774
8 1.385774
9 1.440482
10 1.440482
11 1.470636
12 1.470636
13 1.511291
14 1.511291
15 1.531203
16 1.531203
17 1.564863
18 1.564863
19 1.590901
20 1.590901
21 1.633109
22 1.633109
23 1.678423
24 1.678423
25 1.680694
26 1.680694
27 1.738103
28 1.738103
29 1.774158
30 1.774158
31 1.780969
32 1.780969
33 1.836408
34 1.836408
35 1.877317
36 1.877317
37 1.899191
38 1.899191
39 1.959378
40 1.959378
41 2.043480
42 2.043480
43 2.052160
44 2.052160
45 2.072717
46 2.072717
47 2.137953
48 2.137953
49 2.214462
50 2.214462
51 2.283083
52 2.283083
53 2.299939
54 2.299939
55 2.393695
56 2.393695
57 2.452180
58 2.452180
59 2.506248
60 2.506248
61 2.606593
62 2.606593
63 2.722975
64 2.722975
65 2.731269
66 2.731269
67 2.738057
68 2.738057
69 2.915245
70 2.915245
71 2.975083
72 2.975083
73 2.988496
74 2.988496
75 3.072691
76 3.072691
77 3.254212
78 3.254212
79 3.332856
80 3.332856
81 3.386993
82 3.386993
83 3.448313
84 3.448313
85 3.554654
86 3.554654
87 3.623585
88 3.623585
89 3.674217
90 3.674217
Hartree-Fock energy after 48 Iterations: 1.845030
HF time: 17971
