Assemble time: 71421
Single particles energies:
1 1.972542
2 1.972542
3 2.070986
4 2.070986
5 2.184602
6 2.184602
7 2.271155
8 2.271155
9 2.324935
10 2.324935
11 2.453903
12 2.453903
13 2.510296
14 2.510296
15 2.687573
16 2.687573
17 2.761130
18 2.761130
19 2.796399
20 2.796399
21 3.010486
22 3.010486
23 3.019237
24 3.019237
25 3.165029
26 3.165029
27 3.433773
28 3.433773
29 3.443632
30 3.443632
31 3.600129
32 3.600129
33 3.701817
34 3.701817
35 3.984400
36 3.984400
37 3.993701
38 3.993701
39 4.078140
40 4.078140
41 4.266860
42 4.266860
43 4.353097
44 4.353097
45 4.515570
46 4.515570
47 4.672603
48 4.672603
49 4.806881
50 4.806881
51 4.887236
52 4.887236
53 5.132170
54 5.132170
55 5.235783
56 5.235783
Hartree-Fock energy after 85 Iterations: 8.897231
HF time: 4728
