Assemble time: 10339
Single particles energies:
1 0.401772
2 0.401772
3 0.596661
4 0.596661
5 0.596661
6 0.596661
7 0.672368
8 0.672368
9 0.672368
10 0.672368
11 0.695789
12 0.695789
13 0.739181
14 0.739181
15 0.739181
16 0.739181
17 0.773888
18 0.773888
19 0.773888
20 0.773888
21 0.836656
22 0.836656
23 0.836656
24 0.836656
25 0.904620
26 0.904620
27 0.904620
28 0.904620
29 0.905440
30 0.905440
31 0.905440
32 0.905440
33 0.934125
34 0.934125
35 0.971427
36 0.971427
37 0.971427
38 0.971427
39 1.017326
40 1.017326
41 1.017326
42 1.017326
Hartree-Fock energy after 16 Iterations: 0.525666
HF time: 328
