Assemble time: 2606929
Single particles energies:
1 1.763802
2 1.763802
3 1.842236
4 1.842236
5 1.916759
6 1.916759
7 1.932627
8 1.932627
9 2.000883
10 2.000883
11 2.035416
12 2.035416
13 2.092765
14 2.092765
15 2.143577
16 2.143577
17 2.172684
18 2.172684
19 2.198621
20 2.198621
21 2.277656
22 2.277656
23 2.327284
24 2.327284
25 2.339561
26 2.339561
27 2.441174
28 2.441174
29 2.496586
30 2.496586
31 2.517436
32 2.517436
33 2.568827
34 2.568827
35 2.654925
36 2.654925
37 2.710924
38 2.710924
39 2.768150
40 2.768150
41 2.875558
42 2.875558
43 2.947316
44 2.947316
45 3.032996
46 3.032996
47 3.078122
48 3.078122
49 3.165005
50 3.165005
51 3.297079
52 3.297079
53 3.394242
54 3.394242
55 3.463379
56 3.463379
57 3.570939
58 3.570939
59 3.717003
60 3.717003
61 3.841773
62 3.841773
63 3.978244
64 3.978244
65 4.001505
66 4.001505
67 4.075762
68 4.075762
69 4.326303
70 4.326303
71 4.369564
72 4.369564
73 4.492741
74 4.492741
75 4.520858
76 4.520858
77 4.703741
78 4.703741
79 4.839495
80 4.839495
81 4.994042
82 4.994042
83 5.061699
84 5.061699
85 5.178324
86 5.178324
87 5.364217
88 5.364217
89 5.391217
90 5.391217
Hartree-Fock energy after 61 Iterations: 1.072537
HF time: 42453
