Assemble time: 7684119
Single particles energies:
1 1.717393
2 1.717393
3 1.795137
4 1.795137
5 1.859806
6 1.859806
7 1.876794
8 1.876794
9 1.938230
10 1.938230
11 1.964327
12 1.964327
13 2.016982
14 2.016982
15 2.041163
16 2.041163
17 2.065842
18 2.065842
19 2.103365
20 2.103365
21 2.148360
22 2.148360
23 2.190729
24 2.190729
25 2.200057
26 2.200057
27 2.266332
28 2.266332
29 2.308912
30 2.308912
31 2.313183
32 2.313183
33 2.352259
34 2.352259
35 2.410529
36 2.410529
37 2.456008
38 2.456008
39 2.486769
40 2.486769
41 2.563223
42 2.563223
43 2.593164
44 2.593164
45 2.628561
46 2.628561
47 2.690277
48 2.690277
49 2.749393
50 2.749393
51 2.829643
52 2.829643
53 2.850761
54 2.850761
55 2.910261
56 2.910261
57 2.964746
58 2.964746
59 3.081873
60 3.081873
61 3.201985
62 3.201985
63 3.202375
64 3.202375
65 3.299192
66 3.299192
67 3.333361
68 3.333361
69 3.443811
70 3.443811
71 3.568065
72 3.568065
73 3.643445
74 3.643445
75 3.781817
76 3.781817
77 3.829782
78 3.829782
79 3.929395
80 3.929395
81 4.061900
82 4.061900
83 4.173579
84 4.173579
85 4.221128
86 4.221128
87 4.277606
88 4.277606
89 4.474532
90 4.474532
91 4.542938
92 4.542938
93 4.583218
94 4.583218
95 4.703787
96 4.703787
97 4.878593
98 4.878593
99 4.941036
100 4.941036
101 5.125745
102 5.125745
103 5.137182
104 5.137182
105 5.290976
106 5.290976
107 5.432875
108 5.432875
109 5.438967
110 5.438967
Hartree-Fock energy after 69 Iterations: 0.223555
HF time: 54268
