Assemble time: 71732
Single particles energies:
1 1.280231
2 1.280231
3 1.360312
4 1.360312
5 1.438059
6 1.438059
7 1.459456
8 1.459456
9 1.529497
10 1.529497
11 1.580378
12 1.580378
13 1.637026
14 1.637026
15 1.715127
16 1.715127
17 1.755733
18 1.755733
19 1.775417
20 1.775417
21 1.905011
22 1.905011
23 1.944146
24 1.944146
25 2.000403
26 2.000403
27 2.156640
28 2.156640
29 2.199713
30 2.199713
31 2.250158
32 2.250158
33 2.347258
34 2.347258
35 2.528227
36 2.528227
37 2.547924
38 2.547924
39 2.681162
40 2.681162
41 2.870406
42 2.870406
43 2.935330
44 2.935330
45 2.958609
46 2.958609
47 3.128833
48 3.128833
49 3.245691
50 3.245691
51 3.323075
52 3.323075
53 3.440266
54 3.440266
55 3.557478
56 3.557478
Hartree-Fock energy after 43 Iterations: 2.026609
HF time: 2596
