Assemble time: 7704371
Single particles energies:
1 1.221189
2 1.221189
3 1.299802
4 1.299802
5 1.359208
6 1.359208
7 1.380780
8 1.380780
9 1.433763
10 1.433763
11 1.463433
12 1.463433
13 1.498638
14 1.498638
15 1.515937
16 1.515937
17 1.549400
18 1.549400
19 1.571284
20 1.571284
21 1.603761
22 1.603761
23 1.644398
24 1.644398
25 1.645263
26 1.645263
27 1.681074
28 1.681074
29 1.709300
30 1.709300
31 1.725085
32 1.725085
33 1.760492
34 1.760492
35 1.786757
36 1.786757
37 1.817955
38 1.817955
39 1.842952
40 1.842952
41 1.909009
42 1.909009
43 1.913697
44 1.913697
45 1.918381
46 1.918381
47 1.969929
48 1.969929
49 2.029088
50 2.029088
51 2.046950
52 2.046950
53 2.058466
54 2.058466
55 2.133243
56 2.133243
57 2.160753
58 2.160753
59 2.218830
60 2.218830
61 2.267798
62 2.267798
63 2.291558
64 2.291558
65 2.386278
66 2.386278
67 2.424850
68 2.424850
69 2.426672
70 2.426672
71 2.541418
72 2.541418
73 2.555603
74 2.555603
75 2.622529
76 2.622529
77 2.700014
78 2.700014
79 2.739194
80 2.739194
81 2.808325
82 2.808325
83 2.849794
84 2.849794
85 2.956050
86 2.956050
87 2.974376
88 2.974376
89 2.999268
90 2.999268
91 3.067307
92 3.067307
93 3.231890
94 3.231890
95 3.248957
96 3.248957
97 3.420113
98 3.420113
99 3.421266
100 3.421266
101 3.549969
102 3.549969
103 3.568103
104 3.568103
105 3.640713
106 3.640713
107 3.722315
108 3.722315
109 3.760347
110 3.760347
Hartree-Fock energy after 64 Iterations: 1.972126
HF time: 51436
