Assemble time: 10211
Single particles energies:
1 1.358004
2 1.358004
3 1.448020
4 1.448020
5 1.549222
6 1.549222
7 1.604668
8 1.604668
9 1.673915
10 1.673915
11 1.782461
12 1.782461
13 1.846424
14 1.846424
15 2.017633
16 2.017633
17 2.028349
18 2.028349
19 2.083280
20 2.083280
21 2.326257
22 2.326257
23 2.354927
24 2.354927
25 2.465955
26 2.465955
27 2.724659
28 2.724659
29 2.743778
30 2.743778
31 2.802358
32 2.802358
33 2.999843
34 2.999843
35 3.140572
36 3.140572
37 3.151703
38 3.151703
39 3.321348
40 3.321348
41 3.458188
42 3.458188
Hartree-Fock energy after 51 Iterations: 3.426032
HF time: 938
