Assemble time: 10299
Single particles energies:
1 0.996504
2 0.996504
3 1.065390
4 1.065390
5 1.065390
6 1.065390
7 1.256348
8 1.256348
9 1.256348
10 1.256348
11 1.293524
12 1.293524
13 1.328481
14 1.328481
15 1.328481
16 1.328481
17 1.368493
18 1.368493
19 1.368493
20 1.368493
21 1.476434
22 1.476434
23 1.476434
24 1.476434
25 1.529254
26 1.529254
27 1.529254
28 1.529254
29 1.535716
30 1.535716
31 1.535716
32 1.535716
33 1.545637
34 1.545637
35 1.613014
36 1.613014
37 1.613014
38 1.613014
39 1.629868
40 1.629868
41 1.629868
42 1.629868
Hartree-Fock energy after 28 Iterations: 3.870617
HF time: 565
