Assemble time: 71321
Single particles energies:
1 0.401768
2 0.401768
3 0.596721
4 0.596721
5 0.596721
6 0.596721
7 0.671338
8 0.671338
9 0.671338
10 0.671338
11 0.693084
12 0.693084
13 0.739300
14 0.739300
15 0.739300
16 0.739300
17 0.773921
18 0.773921
19 0.773921
20 0.773921
21 0.809253
22 0.809253
23 0.809253
24 0.809253
25 0.846547
26 0.846547
27 0.846547
28 0.846547
29 0.863841
30 0.863841
31 0.905560
32 0.905560
33 0.905560
34 0.905560
35 0.971407
36 0.971407
37 0.971407
38 0.971407
39 0.979235
40 0.979235
41 0.979235
42 0.979235
43 1.017380
44 1.017380
45 1.017380
46 1.017380
47 1.039334
48 1.039334
49 1.039334
50 1.039334
51 1.092551
52 1.092551
53 1.092551
54 1.092551
55 1.113963
56 1.113963
Hartree-Fock energy after 16 Iterations: 0.525635
HF time: 1003
