Assemble time: 8941261
Single particles energies:
1 0.401772
2 0.401772
3 0.596712
4 0.596712
5 0.596712
6 0.596712
7 0.671322
8 0.671322
9 0.671322
10 0.671322
11 0.693056
12 0.693056
13 0.738763
14 0.738763
15 0.738763
16 0.738763
17 0.771476
18 0.771476
19 0.771476
20 0.771476
21 0.809090
22 0.809090
23 0.809090
24 0.809090
25 0.845139
26 0.845139
27 0.845139
28 0.845139
29 0.861216
30 0.861216
31 0.883601
32 0.883601
33 0.883601
34 0.883601
35 0.918907
36 0.918907
37 0.918907
38 0.918907
39 0.943069
40 0.943069
41 0.943069
42 0.943069
43 0.962065
44 0.962065
45 0.962065
46 0.962065
47 0.995046
48 0.995046
49 0.995046
50 0.995046
51 1.023345
52 1.023345
53 1.023345
54 1.023345
55 1.035265
56 1.035265
57 1.043917
58 1.043917
59 1.043917
60 1.043917
61 1.073530
62 1.073530
63 1.073530
64 1.073530
65 1.101860
66 1.101860
67 1.101860
68 1.101860
69 1.120411
70 1.120411
71 1.120411
72 1.120411
73 1.139013
74 1.139013
75 1.139013
76 1.139013
77 1.184599
78 1.184599
79 1.184599
80 1.184599
81 1.223721
82 1.223721
83 1.223721
84 1.223721
85 1.236865
86 1.236865
87 1.236865
88 1.236865
89 1.262529
90 1.262529
91 1.262529
92 1.262529
93 1.279435
94 1.279435
95 1.279435
96 1.279435
97 1.295811
98 1.295811
99 1.310539
100 1.310539
101 1.310539
102 1.310539
103 1.356096
104 1.356096
105 1.356096
106 1.356096
107 1.383878
108 1.383878
109 1.383878
110 1.383878
Hartree-Fock energy after 16 Iterations: 0.525635
HF time: 13723
