Assemble time: 27192373
Single particles energies:
1 1.220272
2 1.220272
3 1.298907
4 1.298907
5 1.358234
6 1.358234
7 1.379867
8 1.379867
9 1.432605
10 1.432605
11 1.462168
12 1.462168
13 1.495873
14 1.495873
15 1.512756
16 1.512756
17 1.545944
18 1.545944
19 1.565712
20 1.565712
21 1.594798
22 1.594798
23 1.632884
24 1.632884
25 1.632999
26 1.632999
27 1.656910
28 1.656910
29 1.684326
30 1.684326
31 1.702912
32 1.702912
33 1.728780
34 1.728780
35 1.746507
36 1.746507
37 1.777527
38 1.777527
39 1.789030
40 1.789030
41 1.837460
42 1.837460
43 1.845630
44 1.845630
45 1.859048
46 1.859048
47 1.875852
48 1.875852
49 1.922982
50 1.922982
51 1.947349
52 1.947349
53 1.949771
54 1.949771
55 2.000213
56 2.000213
57 2.025595
58 2.025595
59 2.056977
60 2.056977
61 2.068406
62 2.068406
63 2.108051
64 2.108051
65 2.170274
66 2.170274
67 2.202887
68 2.202887
69 2.211246
70 2.211246
71 2.245721
72 2.245721
73 2.248191
74 2.248191
75 2.348280
76 2.348280
77 2.349774
78 2.349774
79 2.430103
80 2.430103
81 2.445888
82 2.445888
83 2.506595
84 2.506595
85 2.570821
86 2.570821
87 2.591032
88 2.591032
89 2.646101
90 2.646101
91 2.663869
92 2.663869
93 2.734608
94 2.734608
95 2.757156
96 2.757156
97 2.836564
98 2.836564
99 2.887786
100 2.887786
101 2.911047
102 2.911047
103 2.929048
104 2.929048
105 3.000017
106 3.000017
107 3.110047
108 3.110047
109 3.168504
110 3.168504
111 3.175424
112 3.175424
113 3.208976
114 3.208976
115 3.383464
116 3.383464
117 3.387364
118 3.387364
119 3.512090
120 3.512090
121 3.575876
122 3.575876
123 3.670735
124 3.670735
125 3.711918
126 3.711918
127 3.745053
128 3.745053
129 3.840749
130 3.840749
131 3.869932
132 3.869932
Hartree-Fock energy after 73 Iterations: 2.015833
HF time: 115373
