Assemble time: 27237537
Single particles energies:
1 0.978807
2 0.978807
3 1.049510
4 1.049510
5 1.049510
6 1.049510
7 1.213169
8 1.213169
9 1.213169
10 1.213169
11 1.241255
12 1.241255
13 1.286083
14 1.286083
15 1.286083
16 1.286083
17 1.310584
18 1.310584
19 1.310584
20 1.310584
21 1.344184
22 1.344184
23 1.344184
24 1.344184
25 1.379668
26 1.379668
27 1.379668
28 1.379668
29 1.385177
30 1.385177
31 1.402015
32 1.402015
33 1.402015
34 1.402015
35 1.450923
36 1.450923
37 1.450923
38 1.450923
39 1.459061
40 1.459061
41 1.459061
42 1.459061
43 1.464387
44 1.464387
45 1.464387
46 1.464387
47 1.512640
48 1.512640
49 1.512640
50 1.512640
51 1.533770
52 1.533770
53 1.533770
54 1.533770
55 1.536450
56 1.536450
57 1.536450
58 1.536450
59 1.539080
60 1.539080
61 1.593775
62 1.593775
63 1.593775
64 1.593775
65 1.611008
66 1.611008
67 1.611008
68 1.611008
69 1.656082
70 1.656082
71 1.656082
72 1.656082
73 1.667492
74 1.667492
75 1.667492
76 1.667492
77 1.669004
78 1.669004
79 1.669004
80 1.669004
81 1.723565
82 1.723565
83 1.723565
84 1.723565
85 1.730119
86 1.730119
87 1.730119
88 1.730119
89 1.744500
90 1.744500
91 1.744500
92 1.744500
93 1.747986
94 1.747986
95 1.790047
96 1.790047
97 1.790047
98 1.790047
99 1.852429
100 1.852429
101 1.852429
102 1.852429
103 1.910802
104 1.910802
105 1.910802
106 1.910802
107 1.928152
108 1.928152
109 1.928152
110 1.928152
111 1.957776
112 1.957776
113 1.957776
114 1.957776
115 1.963528
116 1.963528
117 1.963528
118 1.963528
119 1.997132
120 1.997132
121 1.997132
122 1.997132
123 2.039532
124 2.039532
125 2.039532
126 2.039532
127 2.051929
128 2.051929
129 2.051929
130 2.051929
131 2.053437
132 2.053437
Hartree-Fock energy after 32 Iterations: 3.852391
HF time: 52323
