Assemble time: 27150703
Single particles energies:
1 1.691920
2 1.691920
3 1.769821
4 1.769821
5 1.831014
6 1.831014
7 1.849996
8 1.849996
9 1.906622
10 1.906622
11 1.932505
12 1.932505
13 1.976528
14 1.976528
15 1.992459
16 1.992459
17 2.020424
18 2.020424
19 2.054119
20 2.054119
21 2.085058
22 2.085058
23 2.120356
24 2.120356
25 2.135593
26 2.135593
27 2.176180
28 2.176180
29 2.201655
30 2.201655
31 2.224968
32 2.224968
33 2.242714
34 2.242714
35 2.287033
36 2.287033
37 2.326691
38 2.326691
39 2.339448
40 2.339448
41 2.398965
42 2.398965
43 2.416355
44 2.416355
45 2.449075
46 2.449075
47 2.483218
48 2.483218
49 2.526595
50 2.526595
51 2.576043
52 2.576043
53 2.591484
54 2.591484
55 2.603907
56 2.603907
57 2.678586
58 2.678586
59 2.765484
60 2.765484
61 2.771732
62 2.771732
63 2.810855
64 2.810855
65 2.881155
66 2.881155
67 2.906707
68 2.906707
69 2.981728
70 2.981728
71 3.062093
72 3.062093
73 3.082715
74 3.082715
75 3.125129
76 3.125129
77 3.251595
78 3.251595
79 3.264321
80 3.264321
81 3.368581
82 3.368581
83 3.475636
84 3.475636
85 3.482822
86 3.482822
87 3.617411
88 3.617411
89 3.660658
90 3.660658
91 3.693897
92 3.693897
93 3.834943
94 3.834943
95 3.923781
96 3.923781
97 4.030549
98 4.030549
99 4.073572
100 4.073572
101 4.154301
102 4.154301
103 4.306801
104 4.306801
105 4.337780
106 4.337780
107 4.411202
108 4.411202
109 4.494915
110 4.494915
111 4.586928
112 4.586928
113 4.695547
114 4.695547
115 4.780476
116 4.780476
117 4.840369
118 4.840369
119 5.029754
120 5.029754
121 5.047986
122 5.047986
123 5.214811
124 5.214811
125 5.253157
126 5.253157
127 5.391186
128 5.391186
129 5.485388
130 5.485388
131 5.512094
132 5.512094
Hartree-Fock energy after 64 Iterations: 0.126110
HF time: 103167
