Assemble time: 400300
Single particles energies:
1 0.401768
2 0.401768
3 0.596706
4 0.596706
5 0.596706
6 0.596706
7 0.671338
8 0.671338
9 0.671338
10 0.671338
11 0.693084
12 0.693084
13 0.738781
14 0.738781
15 0.738781
16 0.738781
17 0.771532
18 0.771532
19 0.771532
20 0.771532
21 0.809253
22 0.809253
23 0.809253
24 0.809253
25 0.846547
26 0.846547
27 0.846547
28 0.846547
29 0.863841
30 0.863841
31 0.883630
32 0.883630
33 0.883630
34 0.883630
35 0.919524
36 0.919524
37 0.919524
38 0.919524
39 0.945036
40 0.945036
41 0.945036
42 0.945036
43 0.979235
44 0.979235
45 0.979235
46 0.979235
47 1.039334
48 1.039334
49 1.039334
50 1.039334
51 1.057292
52 1.057292
53 1.057292
54 1.057292
55 1.092551
56 1.092551
57 1.092551
58 1.092551
59 1.110191
60 1.110191
61 1.110191
62 1.110191
63 1.113963
64 1.113963
65 1.164743
66 1.164743
67 1.164743
68 1.164743
69 1.199796
70 1.199796
71 1.199796
72 1.199796
Hartree-Fock energy after 16 Iterations: 0.525635
HF time: 2503
