Assemble time: 7708142
Single particles energies:
1 0.978804
2 0.978804
3 1.049506
4 1.049506
5 1.049506
6 1.049506
7 1.213246
8 1.213246
9 1.213246
10 1.213246
11 1.241472
12 1.241472
13 1.286076
14 1.286076
15 1.286076
16 1.286076
17 1.310574
18 1.310574
19 1.310574
20 1.310574
21 1.346928
22 1.346928
23 1.346928
24 1.346928
25 1.386509
26 1.386509
27 1.386509
28 1.386509
29 1.392735
30 1.392735
31 1.402006
32 1.402006
33 1.402006
34 1.402006
35 1.450917
36 1.450917
37 1.450917
38 1.450917
39 1.464384
40 1.464384
41 1.464384
42 1.464384
43 1.477668
44 1.477668
45 1.477668
46 1.477668
47 1.533760
48 1.533760
49 1.533760
50 1.533760
51 1.553005
52 1.553005
53 1.553005
54 1.553005
55 1.585086
56 1.585086
57 1.585086
58 1.585086
59 1.589570
60 1.589570
61 1.611007
62 1.611007
63 1.611007
64 1.611007
65 1.656075
66 1.656075
67 1.656075
68 1.656075
69 1.667488
70 1.667488
71 1.667488
72 1.667488
73 1.673551
74 1.673551
75 1.673551
76 1.673551
77 1.730108
78 1.730108
79 1.730108
80 1.730108
81 1.793366
82 1.793366
83 1.793366
84 1.793366
85 1.852429
86 1.852429
87 1.852429
88 1.852429
89 1.855224
90 1.855224
91 1.855224
92 1.855224
93 1.872860
94 1.872860
95 1.872860
96 1.872860
97 1.874664
98 1.874664
99 1.928139
100 1.928139
101 1.928139
102 1.928139
103 1.957778
104 1.957778
105 1.957778
106 1.957778
107 1.963519
108 1.963519
109 1.963519
110 1.963519
Hartree-Fock energy after 32 Iterations: 3.852393
HF time: 26267
