Assemble time: 10284
Single particles energies:
1 2.221352
2 2.221352
3 2.359164
4 2.359164
5 2.524695
6 2.524695
7 2.657530
8 2.657530
9 2.740157
10 2.740157
11 2.940359
12 2.940359
13 3.019464
14 3.019464
15 3.211960
16 3.211960
17 3.314025
18 3.314025
19 3.447300
20 3.447300
21 3.661691
22 3.661691
23 3.748787
24 3.748787
25 3.842701
26 3.842701
27 4.057154
28 4.057154
29 4.125522
30 4.125522
31 4.199662
32 4.199662
33 4.402740
34 4.402740
35 4.543065
36 4.543065
37 4.618668
38 4.618668
39 4.867038
40 4.867038
41 5.002926
42 5.002926
Hartree-Fock energy after 34 Iterations: 19.605861
HF time: 733
