Assemble time: 29045679
Single particles energies:
1 0.653302
2 0.653302
3 0.990138
4 0.990138
5 0.990138
6 0.990138
7 1.145224
8 1.145224
9 1.145224
10 1.145224
11 1.180184
12 1.180184
13 1.291996
14 1.291996
15 1.291996
16 1.291996
17 1.344596
18 1.344596
19 1.344596
20 1.344596
21 1.445066
22 1.445066
23 1.445066
24 1.445066
25 1.502114
26 1.502114
27 1.502114
28 1.502114
29 1.527575
30 1.527575
31 1.605804
32 1.605804
33 1.605804
34 1.605804
35 1.660743
36 1.660743
37 1.660743
38 1.660743
39 1.699017
40 1.699017
41 1.699017
42 1.699017
43 1.773321
44 1.773321
45 1.773321
46 1.773321
47 1.823436
48 1.823436
49 1.823436
50 1.823436
51 1.866465
52 1.866465
53 1.866465
54 1.866465
55 1.884248
56 1.884248
57 1.946530
58 1.946530
59 1.946530
60 1.946530
61 1.991044
62 1.991044
63 1.991044
64 1.991044
65 2.034243
66 2.034243
67 2.034243
68 2.034243
69 2.062269
70 2.062269
71 2.062269
72 2.062269
73 2.124048
74 2.124048
75 2.124048
76 2.124048
77 2.162997
78 2.162997
79 2.162997
80 2.162997
81 2.204219
82 2.204219
83 2.204219
84 2.204219
85 2.237215
86 2.237215
87 2.237215
88 2.237215
89 2.250163
90 2.250163
91 2.313007
92 2.313007
93 2.313007
94 2.313007
95 2.362558
96 2.362558
97 2.362558
98 2.362558
99 2.426097
100 2.426097
101 2.426097
102 2.426097
103 2.489984
104 2.489984
105 2.489984
106 2.489984
107 2.495215
108 2.495215
109 2.495215
110 2.495215
111 2.531127
112 2.531127
113 2.531127
114 2.531127
115 2.536786
116 2.536786
117 2.536786
118 2.536786
119 2.592407
120 2.592407
121 2.592407
122 2.592407
123 2.654332
124 2.654332
125 2.654332
126 2.654332
127 2.704826
128 2.704826
129 2.704826
130 2.704826
131 2.724455
132 2.724455
Hartree-Fock energy after 14 Iterations: 0.882293
HF time: 24816
