Assemble time: 399412
Single particles energies:
1 0.653304
2 0.653304
3 0.990133
4 0.990133
5 0.990133
6 0.990133
7 1.145232
8 1.145232
9 1.145232
10 1.145232
11 1.180229
12 1.180229
13 1.291987
14 1.291987
15 1.291987
16 1.291987
17 1.344655
18 1.344655
19 1.344655
20 1.344655
21 1.445074
22 1.445074
23 1.445074
24 1.445074
25 1.502217
26 1.502217
27 1.502217
28 1.502217
29 1.527918
30 1.527918
31 1.605875
32 1.605875
33 1.605875
34 1.605875
35 1.660747
36 1.660747
37 1.660747
38 1.660747
39 1.699096
40 1.699096
41 1.699096
42 1.699096
43 1.790765
44 1.790765
45 1.790765
46 1.790765
47 1.871750
48 1.871750
49 1.871750
50 1.871750
51 1.948040
52 1.948040
53 1.948040
54 1.948040
55 1.959720
56 1.959720
57 1.959720
58 1.959720
59 1.980300
60 1.980300
61 2.029423
62 2.029423
63 2.029423
64 2.029423
65 2.105446
66 2.105446
67 2.105446
68 2.105446
69 2.157281
70 2.157281
71 2.157281
72 2.157281
Hartree-Fock energy after 14 Iterations: 0.882297
HF time: 2284
