Assemble time: 71576
Single particles energies:
1 0.653304
2 0.653304
3 0.990161
4 0.990161
5 0.990161
6 0.990161
7 1.145232
8 1.145232
9 1.145232
10 1.145232
11 1.180229
12 1.180229
13 1.291998
14 1.291998
15 1.291998
16 1.291998
17 1.345014
18 1.345014
19 1.345014
20 1.345014
21 1.445074
22 1.445074
23 1.445074
24 1.445074
25 1.502217
26 1.502217
27 1.502217
28 1.502217
29 1.527918
30 1.527918
31 1.628713
32 1.628713
33 1.628713
34 1.628713
35 1.719788
36 1.719788
37 1.719788
38 1.719788
39 1.787403
40 1.787403
41 1.787403
42 1.787403
43 1.790765
44 1.790765
45 1.790765
46 1.790765
47 1.871750
48 1.871750
49 1.871750
50 1.871750
51 1.948040
52 1.948040
53 1.948040
54 1.948040
55 1.980300
56 1.980300
Hartree-Fock energy after 14 Iterations: 0.882297
HF time: 886
