Assemble time: 26588896
Single particles energies:
1 2.702104
2 2.702104
3 2.861097
4 2.861097
5 2.979181
6 2.979181
7 3.023431
8 3.023431
9 3.131678
10 3.131678
11 3.188274
12 3.188274
13 3.258826
14 3.258826
15 3.292526
16 3.292526
17 3.356918
18 3.356918
19 3.406984
20 3.406984
21 3.461580
22 3.461580
23 3.535297
24 3.535297
25 3.551786
26 3.551786
27 3.596644
28 3.596644
29 3.651090
30 3.651090
31 3.706759
32 3.706759
33 3.738657
34 3.738657
35 3.794547
36 3.794547
37 3.876238
38 3.876238
39 3.879369
40 3.879369
41 3.992892
42 3.992892
43 4.003162
44 4.003162
45 4.069085
46 4.069085
47 4.079899
48 4.079899
49 4.176439
50 4.176439
51 4.259123
52 4.259123
53 4.281469
54 4.281469
55 4.331216
56 4.331216
57 4.419239
58 4.419239
59 4.552668
60 4.552668
61 4.559629
62 4.559629
63 4.589846
64 4.589846
65 4.753944
66 4.753944
67 4.796940
68 4.796940
69 4.862499
70 4.862499
71 4.939315
72 4.939315
73 4.986850
74 4.986850
75 5.136847
76 5.136847
77 5.256835
78 5.256835
79 5.366309
80 5.366309
81 5.372909
82 5.372909
83 5.580846
84 5.580846
85 5.655239
86 5.655239
87 5.739339
88 5.739339
89 5.806543
90 5.806543
91 5.878173
92 5.878173
93 6.068497
94 6.068497
95 6.186578
96 6.186578
97 6.268505
98 6.268505
99 6.394256
100 6.394256
101 6.463240
102 6.463240
103 6.520264
104 6.520264
105 6.625378
106 6.625378
107 6.877460
108 6.877460
109 6.931398
110 6.931398
111 6.957361
112 6.957361
113 7.082016
114 7.082016
115 7.355019
116 7.355019
117 7.392941
118 7.392941
119 7.604673
120 7.604673
121 7.648818
122 7.648818
123 7.869738
124 7.869738
125 7.940925
126 7.940925
127 8.055182
128 8.055182
129 8.191937
130 8.191937
131 8.235667
132 8.235667
Hartree-Fock energy after 90 Iterations: 9.317101
HF time: 141291
