Assemble time: 10302
Single particles energies:
1 4.470812
2 4.470812
3 4.470812
4 4.470812
5 4.542362
6 4.542362
7 4.721944
8 4.721944
9 4.721944
10 4.721944
11 4.753744
12 4.753744
13 4.753744
14 4.753744
15 4.833071
16 4.833071
17 5.020110
18 5.020110
19 5.020110
20 5.020110
21 5.370438
22 5.370438
23 5.370438
24 5.370438
25 5.440929
26 5.440929
27 5.440929
28 5.440929
29 5.612292
30 5.612292
31 5.612292
32 5.612292
33 5.651550
34 5.651550
35 5.784613
36 5.784613
37 5.784613
38 5.784613
39 5.831347
40 5.831347
41 5.831347
42 5.831347
Hartree-Fock energy after 19 Iterations: 54.704884
HF time: 390
