Assemble time: 1891573
Single particles energies:
1 0.653302
2 0.653302
3 0.990140
4 0.990140
5 0.990140
6 0.990140
7 1.145226
8 1.145226
9 1.145226
10 1.145226
11 1.180191
12 1.180191
13 1.292002
14 1.292002
15 1.292002
16 1.292002
17 1.344648
18 1.344648
19 1.344648
20 1.344648
21 1.445067
22 1.445067
23 1.445067
24 1.445067
25 1.502139
26 1.502139
27 1.502139
28 1.502139
29 1.527630
30 1.527630
31 1.605878
32 1.605878
33 1.605878
34 1.605878
35 1.660746
36 1.660746
37 1.660746
38 1.660746
39 1.699100
40 1.699100
41 1.699100
42 1.699100
43 1.773439
44 1.773439
45 1.773439
46 1.773439
47 1.823528
48 1.823528
49 1.823528
50 1.823528
51 1.866467
52 1.866467
53 1.866467
54 1.866467
55 1.884278
56 1.884278
57 1.959716
58 1.959716
59 1.959716
60 1.959716
61 2.029443
62 2.029443
63 2.029443
64 2.029443
65 2.105430
66 2.105430
67 2.105430
68 2.105430
69 2.134192
70 2.134192
71 2.134192
72 2.134192
73 2.157291
74 2.157291
75 2.157291
76 2.157291
77 2.193192
78 2.193192
79 2.193192
80 2.193192
81 2.264055
82 2.264055
83 2.264055
84 2.264055
85 2.325442
86 2.325442
87 2.325442
88 2.325442
89 2.350120
90 2.350120
Hartree-Fock energy after 14 Iterations: 0.882293
HF time: 5401
