Assemble time: 7666692
Single particles energies:
1 1.551247
2 1.551247
3 1.691660
4 1.691660
5 1.691660
6 1.691660
7 1.975058
8 1.975058
9 1.975058
10 1.975058
11 2.019656
12 2.019656
13 2.121268
14 2.121268
15 2.121268
16 2.121268
17 2.164718
18 2.164718
19 2.164718
20 2.164718
21 2.247676
22 2.247676
23 2.247676
24 2.247676
25 2.310528
26 2.310528
27 2.310528
28 2.310528
29 2.322622
30 2.322622
31 2.372751
32 2.372751
33 2.372751
34 2.372751
35 2.449844
36 2.449844
37 2.449844
38 2.449844
39 2.474214
40 2.474214
41 2.474214
42 2.474214
43 2.513761
44 2.513761
45 2.513761
46 2.513761
47 2.620548
48 2.620548
49 2.620548
50 2.620548
51 2.646166
52 2.646166
53 2.646166
54 2.646166
55 2.674652
56 2.674652
57 2.674652
58 2.674652
59 2.684685
60 2.684685
61 2.752298
62 2.752298
63 2.752298
64 2.752298
65 2.822641
66 2.822641
67 2.822641
68 2.822641
69 2.844963
70 2.844963
71 2.844963
72 2.844963
73 2.880499
74 2.880499
75 2.880499
76 2.880499
77 3.014554
78 3.014554
79 3.014554
80 3.014554
81 3.065392
82 3.065392
83 3.065392
84 3.065392
85 3.180889
86 3.180889
87 3.180889
88 3.180889
89 3.194856
90 3.194856
91 3.194856
92 3.194856
93 3.222314
94 3.222314
95 3.222314
96 3.222314
97 3.229083
98 3.229083
99 3.328298
100 3.328298
101 3.328298
102 3.328298
103 3.391118
104 3.391118
105 3.391118
106 3.391118
107 3.407652
108 3.407652
109 3.407652
110 3.407652
Hartree-Fock energy after 27 Iterations: 6.293542
HF time: 22545
