Assemble time: 1890610
Single particles energies:
1 2.770911
2 2.770911
3 2.929365
4 2.929365
5 3.054292
6 3.054292
7 3.094041
8 3.094041
9 3.214625
10 3.214625
11 3.270447
12 3.270447
13 3.373214
14 3.373214
15 3.414996
16 3.414996
17 3.476156
18 3.476156
19 3.554029
20 3.554029
21 3.643781
22 3.643781
23 3.738134
24 3.738134
25 3.763226
26 3.763226
27 3.897115
28 3.897115
29 3.973305
30 3.973305
31 4.022607
32 4.022607
33 4.092137
34 4.092137
35 4.234423
36 4.234423
37 4.325479
38 4.325479
39 4.395461
40 4.395461
41 4.587570
42 4.587570
43 4.661366
44 4.661366
45 4.748637
46 4.748637
47 4.820935
48 4.820935
49 4.991823
50 4.991823
51 5.185926
52 5.185926
53 5.280539
54 5.280539
55 5.413632
56 5.413632
57 5.580333
58 5.580333
59 5.725562
60 5.725562
61 5.881425
62 5.881425
63 6.093435
64 6.093435
65 6.166604
66 6.166604
67 6.191408
68 6.191408
69 6.533043
70 6.533043
71 6.608642
72 6.608642
73 6.684139
74 6.684139
75 6.858460
76 6.858460
77 7.117112
78 7.117112
79 7.224429
80 7.224429
81 7.459929
82 7.459929
83 7.474629
84 7.474629
85 7.713872
86 7.713872
87 7.899160
88 7.899160
89 7.922977
90 7.922977
Hartree-Fock energy after 58 Iterations: 9.617478
HF time: 21205
