Assemble time: 10238
Single particles energies:
1 1.559089
2 1.559089
3 1.698549
4 1.698549
5 1.698549
6 1.698549
7 2.006452
8 2.006452
9 2.006452
10 2.006452
11 2.061938
12 2.061938
13 2.151354
14 2.151354
15 2.151354
16 2.151354
17 2.211788
18 2.211788
19 2.211788
20 2.211788
21 2.402589
22 2.402589
23 2.402589
24 2.402589
25 2.513787
26 2.513787
27 2.513787
28 2.513787
29 2.520079
30 2.520079
31 2.520079
32 2.520079
33 2.532808
34 2.532808
35 2.665917
36 2.665917
37 2.665917
38 2.665917
39 2.703766
40 2.703766
41 2.703766
42 2.703766
Hartree-Fock energy after 26 Iterations: 6.299371
HF time: 467
