Assemble time: 1891344
Single particles energies:
1 1.551222
2 1.551222
3 1.691633
4 1.691633
5 1.691633
6 1.691633
7 1.975018
8 1.975018
9 1.975018
10 1.975018
11 2.019624
12 2.019624
13 2.121957
14 2.121957
15 2.121957
16 2.121957
17 2.166554
18 2.166554
19 2.166554
20 2.166554
21 2.247614
22 2.247614
23 2.247614
24 2.247614
25 2.310474
26 2.310474
27 2.310474
28 2.310474
29 2.322609
30 2.322609
31 2.388454
32 2.388454
33 2.388454
34 2.388454
35 2.488458
36 2.488458
37 2.488458
38 2.488458
39 2.513691
40 2.513691
41 2.513691
42 2.513691
43 2.522571
44 2.522571
45 2.522571
46 2.522571
47 2.620536
48 2.620536
49 2.620536
50 2.620536
51 2.674615
52 2.674615
53 2.674615
54 2.674615
55 2.684695
56 2.684695
57 2.753249
58 2.753249
59 2.753249
60 2.753249
61 2.880426
62 2.880426
63 2.880426
64 2.880426
65 2.935249
66 2.935249
67 2.935249
68 2.935249
69 3.026374
70 3.026374
71 3.026374
72 3.026374
73 3.049080
74 3.049080
75 3.049080
76 3.049080
77 3.065392
78 3.065392
79 3.065392
80 3.065392
81 3.180828
82 3.180828
83 3.180828
84 3.180828
85 3.222274
86 3.222274
87 3.222274
88 3.222274
89 3.229096
90 3.229096
Hartree-Fock energy after 27 Iterations: 6.293557
HF time: 10264
