Assemble time: 401237
Single particles energies:
1 1.551224
2 1.551224
3 1.691636
4 1.691636
5 1.691636
6 1.691636
7 1.976030
8 1.976030
9 1.976030
10 1.976030
11 2.021592
12 2.021592
13 2.121961
14 2.121961
15 2.121961
16 2.121961
17 2.166558
18 2.166558
19 2.166558
20 2.166558
21 2.268211
22 2.268211
23 2.268211
24 2.268211
25 2.351533
26 2.351533
27 2.351533
28 2.351533
29 2.368435
30 2.368435
31 2.388457
32 2.388457
33 2.388457
34 2.388457
35 2.488460
36 2.488460
37 2.488460
38 2.488460
39 2.522574
40 2.522574
41 2.522574
42 2.522574
43 2.631993
44 2.631993
45 2.631993
46 2.631993
47 2.753253
48 2.753253
49 2.753253
50 2.753253
51 2.801198
52 2.801198
53 2.801198
54 2.801198
55 2.864126
56 2.864126
57 2.864126
58 2.864126
59 2.873375
60 2.873375
61 2.935251
62 2.935251
63 2.935251
64 2.935251
65 3.026380
66 3.026380
67 3.026380
68 3.026380
69 3.049083
70 3.049083
71 3.049083
72 3.049083
Hartree-Fock energy after 27 Iterations: 6.293557
HF time: 4282
