Assemble time: 7697579
Single particles energies:
1 1.977562
2 1.977562
3 2.137929
4 2.137929
5 2.253567
6 2.253567
7 2.302340
8 2.302340
9 2.404972
10 2.404972
11 2.469469
12 2.469469
13 2.528728
14 2.528728
15 2.566839
16 2.566839
17 2.639758
18 2.639758
19 2.668770
20 2.668770
21 2.733774
22 2.733774
23 2.801361
24 2.801361
25 2.817806
26 2.817806
27 2.850976
28 2.850976
29 2.918572
30 2.918572
31 2.937260
32 2.937260
33 3.020598
34 3.020598
35 3.038754
36 3.038754
37 3.090272
38 3.090272
39 3.142427
40 3.142427
41 3.225082
42 3.225082
43 3.242962
44 3.242962
45 3.281740
46 3.281740
47 3.312290
48 3.312290
49 3.433763
50 3.433763
51 3.442120
52 3.442120
53 3.457440
54 3.457440
55 3.634979
56 3.634979
57 3.647680
58 3.647680
59 3.649814
60 3.649814
61 3.738162
62 3.738162
63 3.863728
64 3.863728
65 3.905191
66 3.905191
67 3.931131
68 3.931131
69 4.055176
70 4.055176
71 4.112232
72 4.112232
73 4.143947
74 4.143947
75 4.235150
76 4.235150
77 4.306028
78 4.306028
79 4.411818
80 4.411818
81 4.415368
82 4.415368
83 4.489064
84 4.489064
85 4.604605
86 4.604605
87 4.676729
88 4.676729
89 4.781667
90 4.781667
91 4.824123
92 4.824123
93 5.079913
94 5.079913
95 5.117898
96 5.117898
97 5.257408
98 5.257408
99 5.315943
100 5.315943
101 5.499379
102 5.499379
103 5.532707
104 5.532707
105 5.596394
106 5.596394
107 5.723326
108 5.723326
109 5.766213
110 5.766213
Hartree-Fock energy after 86 Iterations: 6.805510
HF time: 67341
