Assemble time: 7678430
Single particles energies:
1 0.653302
2 0.653302
3 0.990137
4 0.990137
5 0.990137
6 0.990137
7 1.145226
8 1.145226
9 1.145226
10 1.145226
11 1.180191
12 1.180191
13 1.291995
14 1.291995
15 1.291995
16 1.291995
17 1.344599
18 1.344599
19 1.344599
20 1.344599
21 1.445067
22 1.445067
23 1.445067
24 1.445067
25 1.502139
26 1.502139
27 1.502139
28 1.502139
29 1.527630
30 1.527630
31 1.605805
32 1.605805
33 1.605805
34 1.605805
35 1.660742
36 1.660742
37 1.660742
38 1.660742
39 1.699015
40 1.699015
41 1.699015
42 1.699015
43 1.773439
44 1.773439
45 1.773439
46 1.773439
47 1.823528
48 1.823528
49 1.823528
50 1.823528
51 1.866467
52 1.866467
53 1.866467
54 1.866467
55 1.884278
56 1.884278
57 1.946531
58 1.946531
59 1.946531
60 1.946531
61 1.991042
62 1.991042
63 1.991042
64 1.991042
65 2.034243
66 2.034243
67 2.034243
68 2.034243
69 2.062269
70 2.062269
71 2.062269
72 2.062269
73 2.134192
74 2.134192
75 2.134192
76 2.134192
77 2.193192
78 2.193192
79 2.193192
80 2.193192
81 2.264055
82 2.264055
83 2.264055
84 2.264055
85 2.313008
86 2.313008
87 2.313008
88 2.313008
89 2.325442
90 2.325442
91 2.325442
92 2.325442
93 2.350120
94 2.350120
95 2.362558
96 2.362558
97 2.362558
98 2.362558
99 2.426093
100 2.426093
101 2.426093
102 2.426093
103 2.489987
104 2.489987
105 2.489987
106 2.489987
107 2.531125
108 2.531125
109 2.531125
110 2.531125
Hartree-Fock energy after 14 Iterations: 0.882293
HF time: 12162
