Assemble time: 1891776
Single particles energies:
1 1.979245
2 1.979245
3 2.139566
4 2.139566
5 2.255343
6 2.255343
7 2.303995
8 2.303995
9 2.407141
10 2.407141
11 2.471953
12 2.471953
13 2.534251
14 2.534251
15 2.573111
16 2.573111
17 2.648071
18 2.648071
19 2.681028
20 2.681028
21 2.754949
22 2.754949
23 2.831700
24 2.831700
25 2.848897
26 2.848897
27 2.906936
28 2.906936
29 2.981518
30 2.981518
31 2.996060
32 2.996060
33 3.108595
34 3.108595
35 3.146107
36 3.146107
37 3.183439
38 3.183439
39 3.291149
40 3.291149
41 3.388666
42 3.388666
43 3.397329
44 3.397329
45 3.485872
46 3.485872
47 3.522027
48 3.522027
49 3.656563
50 3.656563
51 3.740274
52 3.740274
53 3.752197
54 3.752197
55 3.945812
56 3.945812
57 4.002118
58 4.002118
59 4.049332
60 4.049332
61 4.166304
62 4.166304
63 4.192302
64 4.192302
65 4.392240
66 4.392240
67 4.430040
68 4.430040
69 4.456889
70 4.456889
71 4.492013
72 4.492013
73 4.765272
74 4.765272
75 4.857460
76 4.857460
77 5.092550
78 5.092550
79 5.097729
80 5.097729
81 5.251218
82 5.251218
83 5.268528
84 5.268528
85 5.411688
86 5.411688
87 5.507520
88 5.507520
89 5.561080
90 5.561080
Hartree-Fock energy after 80 Iterations: 6.738621
HF time: 28225
