Assemble time: 71371
Single particles energies:
1 1.555476
2 1.555476
3 1.695516
4 1.695516
5 1.695516
6 1.695516
7 1.979598
8 1.979598
9 1.979598
10 1.979598
11 2.026315
12 2.026315
13 2.149474
14 2.149474
15 2.149474
16 2.149474
17 2.209346
18 2.209346
19 2.209346
20 2.209346
21 2.270866
22 2.270866
23 2.270866
24 2.270866
25 2.354268
26 2.354268
27 2.354268
28 2.354268
29 2.372096
30 2.372096
31 2.518150
32 2.518150
33 2.518150
34 2.518150
35 2.634951
36 2.634951
37 2.634951
38 2.634951
39 2.663208
40 2.663208
41 2.663208
42 2.663208
43 2.699604
44 2.699604
45 2.699604
46 2.699604
47 2.804944
48 2.804944
49 2.804944
50 2.804944
51 2.868055
52 2.868055
53 2.868055
54 2.868055
55 2.878403
56 2.878403
Hartree-Fock energy after 27 Iterations: 6.296476
HF time: 1664
