Assemble time: 400507
Single particles energies:
1 2.864641
2 2.864641
3 3.024271
4 3.024271
5 3.171034
6 3.171034
7 3.203981
8 3.203981
9 3.346946
10 3.346946
11 3.415985
12 3.415985
13 3.543471
14 3.543471
15 3.638463
16 3.638463
17 3.700350
18 3.700350
19 3.781362
20 3.781362
21 3.945178
22 3.945178
23 4.077123
24 4.077123
25 4.099940
26 4.099940
27 4.338399
28 4.338399
29 4.432664
30 4.432664
31 4.470262
32 4.470262
33 4.619255
34 4.619255
35 4.871381
36 4.871381
37 4.960184
38 4.960184
39 5.104528
40 5.104528
41 5.328197
42 5.328197
43 5.528446
44 5.528446
45 5.656912
46 5.656912
47 5.740254
48 5.740254
49 5.905141
50 5.905141
51 6.267310
52 6.267310
53 6.322284
54 6.322284
55 6.472267
56 6.472267
57 6.518934
58 6.518934
59 6.799848
60 6.799848
61 7.020825
62 7.020825
63 7.208746
64 7.208746
65 7.298381
66 7.298381
67 7.479341
68 7.479341
69 7.748761
70 7.748761
71 7.777626
72 7.777626
Hartree-Fock energy after 52 Iterations: 12.039220
HF time: 7500
