Assemble time: 72264
Single particles energies:
1 3.033609
2 3.033609
3 3.205714
4 3.205714
5 3.392348
6 3.392348
7 3.457105
8 3.457105
9 3.617024
10 3.617024
11 3.747404
12 3.747404
13 3.904969
14 3.904969
15 4.102438
16 4.102438
17 4.210800
18 4.210800
19 4.274562
20 4.274562
21 4.591475
22 4.591475
23 4.645384
24 4.645384
25 4.793794
26 4.793794
27 5.210025
28 5.210025
29 5.215759
30 5.215759
31 5.397198
32 5.397198
33 5.557196
34 5.557196
35 5.972960
36 5.972960
37 5.994883
38 5.994883
39 6.066604
40 6.066604
41 6.306988
42 6.306988
43 6.489415
44 6.489415
45 6.723721
46 6.723721
47 6.909295
48 6.909295
49 7.066532
50 7.066532
51 7.200135
52 7.200135
53 7.519293
54 7.519293
55 7.609682
56 7.609682
Hartree-Fock energy after 63 Iterations: 18.683793
HF time: 3480
