Assemble time: 26143518
Single particles energies:
1 1.977433
2 1.977433
3 2.137803
4 2.137803
5 2.253435
6 2.253435
7 2.302215
8 2.302215
9 2.404828
10 2.404828
11 2.469298
12 2.469298
13 2.528257
14 2.528257
15 2.566244
16 2.566244
17 2.638763
18 2.638763
19 2.667031
20 2.667031
21 2.729863
22 2.729863
23 2.793982
24 2.793982
25 2.810909
26 2.810909
27 2.835402
28 2.835402
29 2.899899
30 2.899899
31 2.920145
32 2.920145
33 2.990684
34 2.990684
35 3.000717
36 3.000717
37 3.050639
38 3.050639
39 3.085503
40 3.085503
41 3.139712
42 3.139712
43 3.178558
44 3.178558
45 3.195284
46 3.195284
47 3.203484
48 3.203484
49 3.308521
50 3.308521
51 3.324343
52 3.324343
53 3.329385
54 3.329385
55 3.455396
56 3.455396
57 3.458060
58 3.458060
59 3.477619
60 3.477619
61 3.508692
62 3.508692
63 3.618104
64 3.618104
65 3.645899
66 3.645899
67 3.668354
68 3.668354
69 3.741560
70 3.741560
71 3.795116
72 3.795116
73 3.798514
74 3.798514
75 3.897308
76 3.897308
77 3.955769
78 3.955769
79 4.025220
80 4.025220
81 4.064742
82 4.064742
83 4.082111
84 4.082111
85 4.145813
86 4.145813
87 4.207532
88 4.207532
89 4.293961
90 4.293961
91 4.353976
92 4.353976
93 4.416222
94 4.416222
95 4.420731
96 4.420731
97 4.502334
98 4.502334
99 4.539911
100 4.539911
101 4.636090
102 4.636090
103 4.757325
104 4.757325
105 4.794052
106 4.794052
107 4.834285
108 4.834285
109 4.862217
110 4.862217
111 5.093707
112 5.093707
113 5.108829
114 5.108829
115 5.257179
116 5.257179
117 5.346125
118 5.346125
119 5.520052
120 5.520052
121 5.635040
122 5.635040
123 5.698628
124 5.698628
125 5.708850
126 5.708850
127 5.816493
128 5.816493
129 5.942568
130 5.942568
131 5.964532
132 5.964532
Hartree-Fock energy after 88 Iterations: 6.813409
HF time: 141147
