Assemble time: 7613379
Single particles energies:
1 2.722970
2 2.722970
3 2.881843
4 2.881843
5 3.000939
6 3.000939
7 3.044368
8 3.044368
9 3.154962
10 3.154962
11 3.211066
12 3.211066
13 3.290939
14 3.290939
15 3.324121
16 3.324121
17 3.388175
18 3.388175
19 3.449346
20 3.449346
21 3.512126
22 3.512126
23 3.591215
24 3.591215
25 3.615679
26 3.615679
27 3.690329
28 3.690329
29 3.745825
30 3.745825
31 3.800655
32 3.800655
33 3.846784
34 3.846784
35 3.932617
36 3.932617
37 4.024030
38 4.024030
39 4.045588
40 4.045588
41 4.188930
42 4.188930
43 4.220844
44 4.220844
45 4.268503
46 4.268503
47 4.337117
48 4.337117
49 4.460351
50 4.460351
51 4.567146
52 4.567146
53 4.621297
54 4.621297
55 4.672426
56 4.672426
57 4.793019
58 4.793019
59 4.979119
60 4.979119
61 5.084235
62 5.084235
63 5.096460
64 5.096460
65 5.284783
66 5.284783
67 5.346926
68 5.346926
69 5.447025
70 5.447025
71 5.613827
72 5.613827
73 5.716367
74 5.716367
75 5.934328
76 5.934328
77 5.998562
78 5.998562
79 6.100959
80 6.100959
81 6.309892
82 6.309892
83 6.355090
84 6.355090
85 6.483746
86 6.483746
87 6.621855
88 6.621855
89 6.717446
90 6.717446
91 6.849792
92 6.849792
93 7.029170
94 7.029170
95 7.125668
96 7.125668
97 7.384022
98 7.384022
99 7.430348
100 7.430348
101 7.616154
102 7.616154
103 7.723839
104 7.723839
105 7.919761
106 7.919761
107 8.030389
108 8.030389
109 8.079981
110 8.079981
Hartree-Fock energy after 61 Iterations: 9.114937
HF time: 49185
