Assemble time: 10312
Single particles energies:
1 0.653385
2 0.653385
3 0.990205
4 0.990205
5 0.990205
6 0.990205
7 1.145367
8 1.145367
9 1.145367
10 1.145367
11 1.180810
12 1.180810
13 1.291912
14 1.291912
15 1.291912
16 1.291912
17 1.345001
18 1.345001
19 1.345001
20 1.345001
21 1.474812
22 1.474812
23 1.474812
24 1.474812
25 1.571394
26 1.571394
27 1.571394
28 1.571394
29 1.615597
30 1.615597
31 1.628607
32 1.628607
33 1.628607
34 1.628607
35 1.719881
36 1.719881
37 1.719881
38 1.719881
39 1.787421
40 1.787421
41 1.787421
42 1.787421
Hartree-Fock energy after 14 Iterations: 0.882333
HF time: 268
