Assemble time: 401988
Single particles energies:
1 1.989558
2 1.989558
3 2.149619
4 2.149619
5 2.267040
6 2.267040
7 2.314686
8 2.314686
9 2.421827
10 2.421827
11 2.488474
12 2.488474
13 2.564644
14 2.564644
15 2.608016
16 2.608016
17 2.688255
18 2.688255
19 2.731334
20 2.731334
21 2.831391
22 2.831391
23 2.924990
24 2.924990
25 2.949104
26 2.949104
27 3.057947
28 3.057947
29 3.127441
30 3.127441
31 3.153058
32 3.153058
33 3.322835
34 3.322835
35 3.366598
36 3.366598
37 3.424827
38 3.424827
39 3.587057
40 3.587057
41 3.694030
42 3.694030
43 3.764229
44 3.764229
45 3.929625
46 3.929625
47 3.975460
48 3.975460
49 4.043889
50 4.043889
51 4.280665
52 4.280665
53 4.370121
54 4.370121
55 4.394711
56 4.394711
57 4.486803
58 4.486803
59 4.762333
60 4.762333
61 4.937919
62 4.937919
63 4.953261
64 4.953261
65 5.069790
66 5.069790
67 5.237094
68 5.237094
69 5.320712
70 5.320712
71 5.401362
72 5.401362
Hartree-Fock energy after 76 Iterations: 6.568457
HF time: 11780
