Assemble time: 10320
Single particles energies:
1 2.591022
2 2.676962
3 2.676964
4 2.819337
5 2.921994
6 2.922018
7 2.926986
8 2.944823
9 2.944854
10 2.996006
11 3.050288
12 3.050292
13 3.406365
14 3.478049
15 3.478050
16 3.495680
17 3.515732
18 3.582564
19 3.582569
20 3.600050
21 3.607910
22 3.607915
23 3.651191
24 3.651197
25 3.664736
26 3.729310
27 3.729311
28 3.800107
29 3.800110
30 3.802084
31 3.859893
32 3.859896
33 3.870189
34 3.884856
35 3.884860
36 3.955372
37 3.981231
38 3.981232
39 4.078890
40 4.101911
41 4.153232
42 4.153232
Hartree-Fock energy after 1000 Iterations: 21.410411
HF time: 18512
