Assemble time: 26060732
Single particles energies:
1 1.551243
2 1.551243
3 1.691655
4 1.691655
5 1.691655
6 1.691655
7 1.975049
8 1.975049
9 1.975049
10 1.975049
11 2.019651
12 2.019651
13 2.121265
14 2.121265
15 2.121265
16 2.121265
17 2.164718
18 2.164718
19 2.164718
20 2.164718
21 2.247342
22 2.247342
23 2.247342
24 2.247342
25 2.309065
26 2.309065
27 2.309065
28 2.309065
29 2.320791
30 2.320791
31 2.372753
32 2.372753
33 2.372753
34 2.372753
35 2.449848
36 2.449848
37 2.449848
38 2.449848
39 2.474213
40 2.474213
41 2.474213
42 2.474213
43 2.502676
44 2.502676
45 2.502676
46 2.502676
47 2.587224
48 2.587224
49 2.587224
50 2.587224
51 2.626792
52 2.626792
53 2.626792
54 2.626792
55 2.633097
56 2.633097
57 2.646172
58 2.646172
59 2.646172
60 2.646172
61 2.752295
62 2.752295
63 2.752295
64 2.752295
65 2.786027
66 2.786027
67 2.786027
68 2.786027
69 2.822641
70 2.822641
71 2.822641
72 2.822641
73 2.844960
74 2.844960
75 2.844960
76 2.844960
77 2.887015
78 2.887015
79 2.887015
80 2.887015
81 2.967265
82 2.967265
83 2.967265
84 2.967265
85 3.004010
86 3.004010
87 3.004010
88 3.004010
89 3.011534
90 3.011534
91 3.014559
92 3.014559
93 3.014559
94 3.014559
95 3.155636
96 3.155636
97 3.155636
98 3.155636
99 3.194848
100 3.194848
101 3.194848
102 3.194848
103 3.326121
104 3.326121
105 3.326121
106 3.326121
107 3.328303
108 3.328303
109 3.328303
110 3.328303
111 3.391103
112 3.391103
113 3.391103
114 3.391103
115 3.407652
116 3.407652
117 3.407652
118 3.407652
119 3.470557
120 3.470557
121 3.470557
122 3.470557
123 3.554112
124 3.554112
125 3.554112
126 3.554112
127 3.584349
128 3.584349
129 3.584349
130 3.584349
131 3.589844
132 3.589844
Hartree-Fock energy after 27 Iterations: 6.293540
HF time: 44553
