Assemble time: 71571
Single particles energies:
1 2.026410
2 2.026410
3 2.186037
4 2.186037
5 2.314689
6 2.314689
7 2.357960
8 2.357960
9 2.483190
10 2.483190
11 2.559127
12 2.559127
13 2.663594
14 2.663594
15 2.741592
16 2.741592
17 2.827936
18 2.827936
19 2.882110
20 2.882110
21 3.053758
22 3.053758
23 3.134226
24 3.134226
25 3.217948
26 3.217948
27 3.402096
28 3.402096
29 3.466599
30 3.466599
31 3.547476
32 3.547476
33 3.732542
34 3.732542
35 3.928191
36 3.928191
37 3.973763
38 3.973763
39 4.156792
40 4.156792
41 4.307118
42 4.307118
43 4.476594
44 4.476594
45 4.557832
46 4.557832
47 4.758703
48 4.758703
49 4.886224
50 4.886224
51 5.022182
52 5.022182
53 5.138669
54 5.138669
55 5.279444
56 5.279444
Hartree-Fock energy after 64 Iterations: 6.604084
HF time: 3730
