Assemble time: 10348
Single particles energies:
1 7.715809
2 7.715809
3 7.795848
4 7.795848
5 7.795848
6 7.795848
7 8.199904
8 8.199904
9 8.199904
10 8.199904
11 8.256701
12 8.256701
13 8.417588
14 8.417588
15 8.417588
16 8.417588
17 8.658033
18 8.658033
19 8.658033
20 8.658033
21 9.460571
22 9.460571
23 9.460571
24 9.460571
25 9.736248
26 9.736248
27 9.736248
28 9.736248
29 9.816284
30 9.816284
31 9.816284
32 9.816284
33 9.903922
34 9.903922
35 10.232018
36 10.232018
37 10.232018
38 10.232018
39 10.340624
40 10.340624
41 10.340624
42 10.340624
Hartree-Fock energy after 19 Iterations: 99.754600
HF time: 422
