Assemble time: 7411078
Single particles energies:
1 1.264428
2 1.264428
3 1.983936
4 1.983936
5 1.983936
6 1.983936
7 2.395384
8 2.395384
9 2.395384
10 2.395384
11 2.458425
12 2.458425
13 2.798008
14 2.798008
15 2.798008
16 2.798008
17 2.892795
18 2.892795
19 2.892795
20 2.892795
21 3.215277
22 3.215277
23 3.215277
24 3.215277
25 3.316504
26 3.316504
27 3.316504
28 3.316504
29 3.361767
30 3.361767
31 3.647979
32 3.647979
33 3.647979
34 3.647979
35 3.743602
36 3.743602
37 3.743602
38 3.743602
39 3.811616
40 3.811616
41 3.811616
42 3.811616
43 4.093965
44 4.093965
45 4.093965
46 4.093965
47 4.180119
48 4.180119
49 4.180119
50 4.180119
51 4.256432
52 4.256432
53 4.256432
54 4.256432
55 4.288195
56 4.288195
57 4.549563
58 4.549563
59 4.549563
60 4.549563
61 4.624552
62 4.624552
63 4.624552
64 4.624552
65 4.700747
66 4.700747
67 4.700747
68 4.700747
69 4.751090
70 4.751090
71 4.751090
72 4.751090
73 5.022688
74 5.022688
75 5.022688
76 5.022688
77 5.106847
78 5.106847
79 5.106847
80 5.106847
81 5.210614
82 5.210614
83 5.210614
84 5.210614
85 5.304230
86 5.304230
87 5.304230
88 5.304230
89 5.343129
90 5.343129
91 5.489985
92 5.489985
93 5.489985
94 5.489985
95 5.559988
96 5.559988
97 5.559988
98 5.559988
99 5.651374
100 5.651374
101 5.651374
102 5.651374
103 5.746701
104 5.746701
105 5.746701
106 5.746701
107 5.810552
108 5.810552
109 5.810552
110 5.810552
Hartree-Fock energy after 12 Iterations: 1.799743
HF time: 11304
