Assemble time: 70796
Single particles energies:
1 5.487293
2 5.487293
3 5.899810
4 5.899810
5 6.246117
6 6.246117
7 6.348777
8 6.348777
9 6.716994
10 6.716994
11 6.891911
12 6.891911
13 7.244813
14 7.244813
15 7.422577
16 7.422577
17 7.640890
18 7.640890
19 7.854245
20 7.854245
21 8.328580
22 8.328580
23 8.478651
24 8.478651
25 8.711892
26 8.711892
27 9.173576
28 9.173576
29 9.361498
30 9.361498
31 9.560877
32 9.560877
33 9.901921
34 9.901921
35 10.419133
36 10.419133
37 10.586577
38 10.586577
39 10.590310
40 10.590310
41 10.807825
42 10.807825
43 11.333526
44 11.333526
45 11.701474
46 11.701474
47 11.910862
48 11.910862
49 12.017519
50 12.017519
51 12.338654
52 12.338654
53 12.749097
54 12.749097
55 12.751284
56 12.751284
Hartree-Fock energy after 83 Iterations: 49.079331
HF time: 4889
