Assemble time: 70792
Single particles energies:
1 1.264437
2 1.264437
3 1.983947
4 1.983947
5 1.983947
6 1.983947
7 2.395379
8 2.395379
9 2.395379
10 2.395379
11 2.458411
12 2.458411
13 2.798358
14 2.798358
15 2.798358
16 2.798358
17 2.893158
18 2.893158
19 2.893158
20 2.893158
21 3.215729
22 3.215729
23 3.215729
24 3.215729
25 3.317231
26 3.317231
27 3.317231
28 3.317231
29 3.362428
30 3.362428
31 3.671570
32 3.671570
33 3.671570
34 3.671570
35 3.808601
36 3.808601
37 3.808601
38 3.808601
39 3.914223
40 3.914223
41 3.914223
42 3.914223
43 4.111030
44 4.111030
45 4.111030
46 4.111030
47 4.230294
48 4.230294
49 4.230294
50 4.230294
51 4.346947
52 4.346947
53 4.346947
54 4.346947
55 4.398029
56 4.398029
Hartree-Fock energy after 12 Iterations: 1.799745
HF time: 869
