Assemble time: 7364652
Single particles energies:
1 5.106734
2 5.106734
3 5.515645
4 5.515645
5 5.798372
6 5.798372
7 5.931012
8 5.931012
9 6.189039
10 6.189039
11 6.351634
12 6.351634
13 6.488266
14 6.488266
15 6.597092
16 6.597092
17 6.779843
18 6.779843
19 6.855288
20 6.855288
21 7.023133
22 7.023133
23 7.192221
24 7.192221
25 7.230450
26 7.230450
27 7.304731
28 7.304731
29 7.494518
30 7.494518
31 7.562186
32 7.562186
33 7.749400
34 7.749400
35 7.813467
36 7.813467
37 7.972560
38 7.972560
39 8.078456
40 8.078456
41 8.269118
42 8.269118
43 8.402111
44 8.402111
45 8.430682
46 8.430682
47 8.491608
48 8.491608
49 8.857802
50 8.857802
51 8.895468
52 8.895468
53 8.934753
54 8.934753
55 9.364498
56 9.364498
57 9.367399
58 9.367399
59 9.490150
60 9.490150
61 9.652185
62 9.652185
63 9.941661
64 9.941661
65 10.002073
66 10.002073
67 10.083874
68 10.083874
69 10.439329
70 10.439329
71 10.617526
72 10.617526
73 10.635240
74 10.635240
75 10.860286
76 10.860286
77 11.080404
78 11.080404
79 11.234226
80 11.234226
81 11.285775
82 11.285775
83 11.424870
84 11.424870
85 11.705484
86 11.705484
87 11.821934
88 11.821934
89 12.093181
90 12.093181
91 12.167103
92 12.167103
93 12.731808
94 12.731808
95 12.871095
96 12.871095
97 13.080406
98 13.080406
99 13.161035
100 13.161035
101 13.513420
102 13.513420
103 13.666183
104 13.666183
105 13.810355
106 13.810355
107 14.008064
108 14.008064
109 14.078499
110 14.078499
Hartree-Fock energy after 130 Iterations: 39.399796
HF time: 101465
