Assemble time: 1850186
Single particles energies:
1 2.854749
2 2.854749
3 3.217305
4 3.217305
5 3.217305
6 3.217305
7 3.830331
8 3.830331
9 3.830331
10 3.830331
11 3.911901
12 3.911901
13 4.210523
14 4.210523
15 4.210523
16 4.210523
17 4.299956
18 4.299956
19 4.299956
20 4.299956
21 4.562276
22 4.562276
23 4.562276
24 4.562276
25 4.686245
26 4.686245
27 4.686245
28 4.686245
29 4.714648
30 4.714648
31 4.923567
32 4.923567
33 4.923567
34 4.923567
35 5.086939
36 5.086939
37 5.086939
38 5.086939
39 5.151072
40 5.151072
41 5.151072
42 5.151072
43 5.290499
44 5.290499
45 5.290499
46 5.290499
47 5.462165
48 5.462165
49 5.462165
50 5.462165
51 5.556060
52 5.556060
53 5.556060
54 5.556060
55 5.577317
56 5.577317
57 5.797949
58 5.797949
59 5.797949
60 5.797949
61 6.101939
62 6.101939
63 6.101939
64 6.101939
65 6.174879
66 6.174879
67 6.174879
68 6.174879
69 6.290035
70 6.290035
71 6.290035
72 6.290035
73 6.350885
74 6.350885
75 6.350885
76 6.350885
77 6.468010
78 6.468010
79 6.468010
80 6.468010
81 6.689680
82 6.689680
83 6.689680
84 6.689680
85 6.788710
86 6.788710
87 6.788710
88 6.788710
89 6.809851
90 6.809851
Hartree-Fock energy after 21 Iterations: 12.271337
HF time: 8333
