Assemble time: 10302
Single particles energies:
1 2.854977
2 2.854977
3 3.217587
4 3.217587
5 3.217587
6 3.217587
7 3.845699
8 3.845699
9 3.845699
10 3.845699
11 3.936782
12 3.936782
13 4.223464
14 4.223464
15 4.223464
16 4.223464
17 4.326890
18 4.326890
19 4.326890
20 4.326890
21 4.751453
22 4.751453
23 4.751453
24 4.751453
25 4.972969
26 4.972969
27 4.972969
28 4.972969
29 5.017739
30 5.017739
31 5.090245
32 5.090245
33 5.090245
34 5.090245
35 5.362427
36 5.362427
37 5.362427
38 5.362427
39 5.452809
40 5.452809
41 5.452809
42 5.452809
Hartree-Fock energy after 21 Iterations: 12.271499
HF time: 397
