Assemble time: 71012
Single particles energies:
1 2.854624
2 2.854624
3 3.217223
4 3.217223
5 3.217223
6 3.217223
7 3.830199
8 3.830199
9 3.830199
10 3.830199
11 3.911690
12 3.911690
13 4.223153
14 4.223153
15 4.223153
16 4.223153
17 4.326601
18 4.326601
19 4.326601
20 4.326601
21 4.570769
22 4.570769
23 4.570769
24 4.570769
25 4.710359
26 4.710359
27 4.710359
28 4.710359
29 4.744622
30 4.744622
31 5.089956
32 5.089956
33 5.089956
34 5.089956
35 5.362223
36 5.362223
37 5.362223
38 5.362223
39 5.436811
40 5.436811
41 5.436811
42 5.436811
43 5.452343
44 5.452343
45 5.452343
46 5.452343
47 5.735872
48 5.735872
49 5.735872
50 5.735872
51 5.877546
52 5.877546
53 5.877546
54 5.877546
55 5.905924
56 5.905924
Hartree-Fock energy after 21 Iterations: 12.271375
HF time: 1318
