Assemble time: 7365604
Single particles energies:
1 2.854710
2 2.854710
3 3.217280
4 3.217280
5 3.217280
6 3.217280
7 3.830301
8 3.830301
9 3.830301
10 3.830301
11 3.911844
12 3.911844
13 4.210459
14 4.210459
15 4.210459
16 4.210459
17 4.299934
18 4.299934
19 4.299934
20 4.299934
21 4.562275
22 4.562275
23 4.562275
24 4.562275
25 4.686267
26 4.686267
27 4.686267
28 4.686267
29 4.714627
30 4.714627
31 4.918654
32 4.918654
33 4.918654
34 4.918654
35 5.068088
36 5.068088
37 5.068088
38 5.068088
39 5.122365
40 5.122365
41 5.122365
42 5.122365
43 5.290530
44 5.290530
45 5.290530
46 5.290530
47 5.462151
48 5.462151
49 5.462151
50 5.462151
51 5.556057
52 5.556057
53 5.556057
54 5.556057
55 5.577270
56 5.577270
57 5.673338
58 5.673338
59 5.673338
60 5.673338
61 5.842401
62 5.842401
63 5.842401
64 5.842401
65 5.958345
66 5.958345
67 5.958345
68 5.958345
69 6.001232
70 6.001232
71 6.001232
72 6.001232
73 6.174914
74 6.174914
75 6.174914
76 6.174914
77 6.467962
78 6.467962
79 6.467962
80 6.467962
81 6.567455
82 6.567455
83 6.567455
84 6.567455
85 6.689685
86 6.689685
87 6.689685
88 6.689685
89 6.788689
90 6.788689
91 6.788689
92 6.788689
93 6.809781
94 6.809781
95 6.839759
96 6.839759
97 6.839759
98 6.839759
99 7.080076
100 7.080076
101 7.080076
102 7.080076
103 7.217231
104 7.217231
105 7.217231
106 7.217231
107 7.262680
108 7.262680
109 7.262680
110 7.262680
Hartree-Fock energy after 21 Iterations: 12.271326
HF time: 17017
