Assemble time: 1849259
Single particles energies:
1 4.794201
2 4.794201
3 5.076169
4 5.076169
5 5.076169
6 5.076169
7 5.418537
8 5.418537
9 5.418537
10 5.418537
11 5.437688
12 5.437688
13 5.963072
14 5.963072
15 5.963072
16 5.963072
17 6.078176
18 6.078176
19 6.078176
20 6.078176
21 6.319002
22 6.319002
23 6.319002
24 6.319002
25 6.436772
26 6.436772
27 6.436772
28 6.436772
29 6.462042
30 6.462042
31 6.709564
32 6.709564
33 6.709564
34 6.709564
35 6.896812
36 6.896812
37 6.896812
38 6.896812
39 6.975693
40 6.975693
41 6.975693
42 6.975693
43 7.018130
44 7.018130
45 7.018130
46 7.018130
47 7.240525
48 7.240525
49 7.240525
50 7.240525
51 7.345322
52 7.345322
53 7.345322
54 7.345322
55 7.385427
56 7.385427
57 7.654100
58 7.654100
59 7.654100
60 7.654100
61 7.966315
62 7.966315
63 7.966315
64 7.966315
65 8.019371
66 8.019371
67 8.019371
68 8.019371
69 8.201966
70 8.201966
71 8.201966
72 8.201966
73 8.311841
74 8.311841
75 8.311841
76 8.311841
77 8.374385
78 8.374385
79 8.374385
80 8.374385
81 8.584560
82 8.584560
83 8.584560
84 8.584560
85 8.718801
86 8.718801
87 8.718801
88 8.718801
89 8.775544
90 8.775544
Hartree-Fock energy after 108 Iterations: 40.216688
HF time: 38277
