Assemble time: 397438
Single particles energies:
1 1.264437
2 1.264437
3 1.983946
4 1.983946
5 1.983946
6 1.983946
7 2.395379
8 2.395379
9 2.395379
10 2.395379
11 2.458411
12 2.458411
13 2.798007
14 2.798007
15 2.798007
16 2.798007
17 2.892801
18 2.892801
19 2.892801
20 2.892801
21 3.215729
22 3.215729
23 3.215729
24 3.215729
25 3.317231
26 3.317231
27 3.317231
28 3.317231
29 3.362428
30 3.362428
31 3.648447
32 3.648447
33 3.648447
34 3.648447
35 3.744611
36 3.744611
37 3.744611
38 3.744611
39 3.812696
40 3.812696
41 3.812696
42 3.812696
43 4.111030
44 4.111030
45 4.111030
46 4.111030
47 4.230294
48 4.230294
49 4.230294
50 4.230294
51 4.346947
52 4.346947
53 4.346947
54 4.346947
55 4.398029
56 4.398029
57 4.562319
58 4.562319
59 4.562319
60 4.562319
61 4.663148
62 4.663148
63 4.663148
64 4.663148
65 4.776800
66 4.776800
67 4.776800
68 4.776800
69 4.857536
70 4.857536
71 4.857536
72 4.857536
Hartree-Fock energy after 12 Iterations: 1.799745
HF time: 2024
