Assemble time: 26003753
Single particles energies:
1 2.854710
2 2.854710
3 3.217281
4 3.217281
5 3.217281
6 3.217281
7 3.830301
8 3.830301
9 3.830301
10 3.830301
11 3.911842
12 3.911842
13 4.210463
14 4.210463
15 4.210463
16 4.210463
17 4.299939
18 4.299939
19 4.299939
20 4.299939
21 4.562175
22 4.562175
23 4.562175
24 4.562175
25 4.686137
26 4.686137
27 4.686137
28 4.686137
29 4.714485
30 4.714485
31 4.918658
32 4.918658
33 4.918658
34 4.918658
35 5.068084
36 5.068084
37 5.068084
38 5.068084
39 5.122363
40 5.122363
41 5.122363
42 5.122363
43 5.288129
44 5.288129
45 5.288129
46 5.288129
47 5.449323
48 5.449323
49 5.449323
50 5.449323
51 5.531477
52 5.531477
53 5.531477
54 5.531477
55 5.548628
56 5.548628
57 5.673339
58 5.673339
59 5.673339
60 5.673339
61 5.842402
62 5.842402
63 5.842402
64 5.842402
65 5.958346
66 5.958346
67 5.958346
68 5.958346
69 6.001232
70 6.001232
71 6.001232
72 6.001232
73 6.071021
74 6.071021
75 6.071021
76 6.071021
77 6.231409
78 6.231409
79 6.231409
80 6.231409
81 6.359603
82 6.359603
83 6.359603
84 6.359603
85 6.424657
86 6.424657
87 6.424657
88 6.424657
89 6.440083
90 6.440083
91 6.567455
92 6.567455
93 6.567455
94 6.567455
95 6.839764
96 6.839764
97 6.839764
98 6.839764
99 6.974203
100 6.974203
101 6.974203
102 6.974203
103 7.080069
104 7.080069
105 7.080069
106 7.080069
107 7.217242
108 7.217242
109 7.217242
110 7.217242
111 7.220810
112 7.220810
113 7.220810
114 7.220810
115 7.262675
116 7.262675
117 7.262675
118 7.262675
119 7.466057
120 7.466057
121 7.466057
122 7.466057
123 7.635442
124 7.635442
125 7.635442
126 7.635442
127 7.709958
128 7.709958
129 7.709958
130 7.709958
131 7.726828
132 7.726828
Hartree-Fock energy after 21 Iterations: 12.271324
HF time: 35989
