Assemble time: 395666
Single particles energies:
1 4.817904
2 4.817904
3 5.095989
4 5.095989
5 5.095989
6 5.095989
7 5.442982
8 5.442982
9 5.442982
10 5.442982
11 5.466181
12 5.466181
13 5.980351
14 5.980351
15 5.980351
16 5.980351
17 6.096312
18 6.096312
19 6.096312
20 6.096312
21 6.409618
22 6.409618
23 6.409618
24 6.409618
25 6.563630
26 6.563630
27 6.563630
28 6.563630
29 6.605766
30 6.605766
31 6.723529
32 6.723529
33 6.723529
34 6.723529
35 6.911915
36 6.911915
37 6.911915
38 6.911915
39 6.992733
40 6.992733
41 6.992733
42 6.992733
43 7.362551
44 7.362551
45 7.362551
46 7.362551
47 7.670695
48 7.670695
49 7.670695
50 7.670695
51 7.675975
52 7.675975
53 7.675975
54 7.675975
55 7.837379
56 7.837379
57 7.837379
58 7.837379
59 7.907866
60 7.907866
61 8.038861
62 8.038861
63 8.038861
64 8.038861
65 8.219804
66 8.219804
67 8.219804
68 8.219804
69 8.336838
70 8.336838
71 8.336838
72 8.336838
Hartree-Fock energy after 112 Iterations: 40.263752
HF time: 16491
