Assemble time: 70529
Single particles energies:
1 4.834514
2 4.834514
3 5.118464
4 5.118464
5 5.118464
6 5.118464
7 5.457560
8 5.457560
9 5.457560
10 5.457560
11 5.484760
12 5.484760
13 6.066930
14 6.066930
15 6.066930
16 6.066930
17 6.204090
18 6.204090
19 6.204090
20 6.204090
21 6.420093
22 6.420093
23 6.420093
24 6.420093
25 6.575805
26 6.575805
27 6.575805
28 6.575805
29 6.620703
30 6.620703
31 7.060387
32 7.060387
33 7.060387
34 7.060387
35 7.323805
36 7.323805
37 7.323805
38 7.323805
39 7.374308
40 7.374308
41 7.374308
42 7.374308
43 7.464030
44 7.464030
45 7.464030
46 7.464030
47 7.692112
48 7.692112
49 7.692112
50 7.692112
51 7.854016
52 7.854016
53 7.854016
54 7.854016
55 7.927838
56 7.927838
Hartree-Fock energy after 78 Iterations: 40.302719
HF time: 4294
