Assemble time: 10337
Single particles energies:
1 4.963360
2 4.963360
3 5.217004
4 5.217004
5 5.217004
6 5.217004
7 5.606145
8 5.606145
9 5.606145
10 5.606145
11 5.613760
12 5.613760
13 6.138932
14 6.138932
15 6.138932
16 6.138932
17 6.313907
18 6.313907
19 6.313907
20 6.313907
21 6.826509
22 6.826509
23 6.826509
24 6.826509
25 7.067454
26 7.067454
27 7.067454
28 7.067454
29 7.140979
30 7.140979
31 7.140979
32 7.140979
33 7.147951
34 7.147951
35 7.439730
36 7.439730
37 7.439730
38 7.439730
39 7.553731
40 7.553731
41 7.553731
42 7.553731
Hartree-Fock energy after 66 Iterations: 40.750512
HF time: 1208
