Assemble time: 7372270
Single particles energies:
1 4.793512
2 4.793512
3 5.075546
4 5.075546
5 5.075546
6 5.075546
7 5.417968
8 5.417968
9 5.417968
10 5.417968
11 5.437012
12 5.437012
13 5.955719
14 5.955719
15 5.955719
16 5.955719
17 6.063715
18 6.063715
19 6.063715
20 6.063715
21 6.318494
22 6.318494
23 6.318494
24 6.318494
25 6.436206
26 6.436206
27 6.436206
28 6.436206
29 6.461617
30 6.461617
31 6.639840
32 6.639840
33 6.639840
34 6.639840
35 6.779467
36 6.779467
37 6.779467
38 6.779467
39 6.838369
40 6.838369
41 6.838369
42 6.838369
43 7.017673
44 7.017673
45 7.017673
46 7.017673
47 7.240185
48 7.240185
49 7.240185
50 7.240185
51 7.330959
52 7.330959
53 7.330959
54 7.330959
55 7.344759
56 7.344759
57 7.344759
58 7.344759
59 7.385065
60 7.385065
61 7.580578
62 7.580578
63 7.580578
64 7.580578
65 7.708710
66 7.708710
67 7.708710
68 7.708710
69 7.777470
70 7.777470
71 7.777470
72 7.777470
73 7.965793
74 7.965793
75 7.965793
76 7.965793
77 8.284171
78 8.284171
79 8.284171
80 8.284171
81 8.373998
82 8.373998
83 8.373998
84 8.373998
85 8.583742
86 8.583742
87 8.583742
88 8.583742
89 8.718003
90 8.718003
91 8.718003
92 8.718003
93 8.722017
94 8.722017
95 8.722017
96 8.722017
97 8.774982
98 8.774982
99 8.965335
100 8.965335
101 8.965335
102 8.965335
103 9.115314
104 9.115314
105 9.115314
106 9.115314
107 9.210382
108 9.210382
109 9.210382
110 9.210382
Hartree-Fock energy after 106 Iterations: 40.216252
HF time: 82664
