Assemble time: 395954
Single particles energies:
1 5.250894
2 5.250894
3 5.659458
4 5.659458
5 5.952980
6 5.952980
7 6.078420
8 6.078420
9 6.362036
10 6.362036
11 6.523400
12 6.523400
13 6.740641
14 6.740641
15 6.846159
16 6.846159
17 7.046441
18 7.046441
19 7.199105
20 7.199105
21 7.456969
22 7.456969
23 7.741982
24 7.741982
25 7.754136
26 7.754136
27 8.047031
28 8.047031
29 8.296670
30 8.296670
31 8.305804
32 8.305804
33 8.726100
34 8.726100
35 8.950955
36 8.950955
37 9.078061
38 9.078061
39 9.484577
40 9.484577
41 9.754733
42 9.754733
43 9.846796
44 9.846796
45 10.327874
46 10.327874
47 10.362430
48 10.362430
49 10.460231
50 10.460231
51 10.998373
52 10.998373
53 11.169065
54 11.169065
55 11.198527
56 11.198527
57 11.564513
58 11.564513
59 12.003510
60 12.003510
61 12.231308
62 12.231308
63 12.463470
64 12.463470
65 12.574290
66 12.574290
67 12.950609
68 12.950609
69 13.180749
70 13.180749
71 13.254632
72 13.254632
Hartree-Fock energy after 75 Iterations: 41.119258
HF time: 11572
