Assemble time: 1850360
Single particles energies:
1 5.144679
2 5.144679
3 5.553590
4 5.553590
5 5.838010
6 5.838010
7 5.968975
8 5.968975
9 6.230480
10 6.230480
11 6.392333
12 6.392333
13 6.543797
14 6.543797
15 6.651479
16 6.651479
17 6.839111
18 6.839111
19 6.937648
20 6.937648
21 7.125587
22 7.125587
23 7.341743
24 7.341743
25 7.356911
26 7.356911
27 7.502546
28 7.502546
29 7.713558
30 7.713558
31 7.795149
32 7.795149
33 8.033382
34 8.033382
35 8.167247
36 8.167247
37 8.299529
38 8.299529
39 8.529768
40 8.529768
41 8.783036
42 8.783036
43 8.901144
44 8.901144
45 9.026887
46 9.026887
47 9.073766
48 9.073766
49 9.544240
50 9.544240
51 9.653214
52 9.653214
53 9.762378
54 9.762378
55 10.259944
56 10.259944
57 10.351443
58 10.351443
59 10.461163
60 10.461163
61 10.681191
62 10.681191
63 10.828710
64 10.828710
65 11.134406
66 11.134406
67 11.364684
68 11.364684
69 11.428058
70 11.428058
71 11.505160
72 11.505160
73 12.027376
74 12.027376
75 12.197262
76 12.197262
77 12.612323
78 12.612323
79 12.721114
80 12.721114
81 12.862637
82 12.862637
83 13.170247
84 13.170247
85 13.465225
86 13.465225
87 13.575098
88 13.575098
89 13.673997
90 13.673997
Hartree-Fock energy after 95 Iterations: 39.217778
HF time: 33729
