Assemble time: 26945031
Single particles energies:
1 5.098526
2 5.098526
3 5.507421
4 5.507421
5 5.789914
6 5.789914
7 5.922802
8 5.922802
9 6.180327
10 6.180327
11 6.343288
12 6.343288
13 6.477950
14 6.477950
15 6.586782
16 6.586782
17 6.768607
18 6.768607
19 6.840422
20 6.840422
21 7.001939
22 7.001939
23 7.154077
24 7.154077
25 7.201127
26 7.201127
27 7.253642
28 7.253642
29 7.430751
30 7.430751
31 7.490347
32 7.490347
33 7.655680
34 7.655680
35 7.690671
36 7.690671
37 7.830423
38 7.830423
39 7.906355
40 7.906355
41 8.017194
42 8.017194
43 8.178955
44 8.178955
45 8.192152
46 8.192152
47 8.199483
48 8.199483
49 8.484505
50 8.484505
51 8.541874
52 8.541874
53 8.582508
54 8.582508
55 8.851266
56 8.851266
57 8.875704
58 8.875704
59 9.019681
60 9.019681
61 9.033133
62 9.033133
63 9.287125
64 9.287125
65 9.290408
66 9.290408
67 9.488078
68 9.488078
69 9.692324
70 9.692324
71 9.712582
72 9.712582
73 9.764589
74 9.764589
75 10.041325
76 10.041325
77 10.214946
78 10.214946
79 10.305610
80 10.305610
81 10.444642
82 10.444642
83 10.511616
84 10.511616
85 10.738567
86 10.738567
87 10.839573
88 10.839573
89 10.968321
90 10.968321
91 11.163367
92 11.163367
93 11.274682
94 11.274682
95 11.276347
96 11.276347
97 11.515744
98 11.515744
99 11.587604
100 11.587604
101 11.714293
102 11.714293
103 12.018741
104 12.018741
105 12.108624
106 12.108624
107 12.248502
108 12.248502
109 12.298406
110 12.298406
111 12.825004
112 12.825004
113 12.920884
114 12.920884
115 13.242755
116 13.242755
117 13.343035
118 13.343035
119 13.648149
120 13.648149
121 13.841739
122 13.841739
123 14.088316
124 14.088316
125 14.097016
126 14.097016
127 14.203436
128 14.203436
129 14.484702
130 14.484702
131 14.536671
132 14.536671
Hartree-Fock energy after 133 Iterations: 39.678423
HF time: 211793
