Assemble time: 26352997
Single particles energies:
1 4.793251
2 4.793251
3 5.075330
4 5.075330
5 5.075330
6 5.075330
7 5.417784
8 5.417784
9 5.417784
10 5.417784
11 5.436849
12 5.436849
13 5.955521
14 5.955521
15 5.955521
16 5.955521
17 6.063408
18 6.063408
19 6.063408
20 6.063408
21 6.312788
22 6.312788
23 6.312788
24 6.312788
25 6.422447
26 6.422447
27 6.422447
28 6.422447
29 6.444432
30 6.444432
31 6.639642
32 6.639642
33 6.639642
34 6.639642
35 6.779304
36 6.779304
37 6.779304
38 6.779304
39 6.838188
40 6.838188
41 6.838188
42 6.838188
43 6.956997
44 6.956997
45 6.956997
46 6.956997
47 7.123371
48 7.123371
49 7.123371
50 7.123371
51 7.200866
52 7.200866
53 7.200866
54 7.200866
55 7.231282
56 7.231282
57 7.330769
58 7.330769
59 7.330769
60 7.330769
61 7.580464
62 7.580464
63 7.580464
64 7.580464
65 7.655515
66 7.655515
67 7.655515
68 7.655515
69 7.708521
70 7.708521
71 7.708521
72 7.708521
73 7.777329
74 7.777329
75 7.777329
76 7.777329
77 7.919210
78 7.919210
79 7.919210
80 7.919210
81 8.072871
82 8.072871
83 8.072871
84 8.072871
85 8.159865
86 8.159865
87 8.159865
88 8.159865
89 8.195664
90 8.195664
91 8.283956
92 8.283956
93 8.283956
94 8.283956
95 8.612308
96 8.612308
97 8.612308
98 8.612308
99 8.721887
100 8.721887
101 8.721887
102 8.721887
103 8.965113
104 8.965113
105 8.965113
106 8.965113
107 9.064705
108 9.064705
109 9.064705
110 9.064705
111 9.115004
112 9.115004
113 9.115004
114 9.115004
115 9.210173
116 9.210173
117 9.210173
118 9.210173
119 9.343968
120 9.343968
121 9.343968
122 9.343968
123 9.509745
124 9.509745
125 9.509745
126 9.509745
127 9.627235
128 9.627235
129 9.627235
130 9.627235
131 9.675930
132 9.675930
Hartree-Fock energy after 105 Iterations: 40.216195
HF time: 169480
