Assemble time: 1848223
Single particles energies:
1 1.264428
2 1.264428
3 1.983938
4 1.983938
5 1.983938
6 1.983938
7 2.395384
8 2.395384
9 2.395384
10 2.395384
11 2.458425
12 2.458425
13 2.798019
14 2.798019
15 2.798019
16 2.798019
17 2.892798
18 2.892798
19 2.892798
20 2.892798
21 3.215277
22 3.215277
23 3.215277
24 3.215277
25 3.316504
26 3.316504
27 3.316504
28 3.316504
29 3.361767
30 3.361767
31 3.648453
32 3.648453
33 3.648453
34 3.648453
35 3.744603
36 3.744603
37 3.744603
38 3.744603
39 3.812697
40 3.812697
41 3.812697
42 3.812697
43 4.093965
44 4.093965
45 4.093965
46 4.093965
47 4.180119
48 4.180119
49 4.180119
50 4.180119
51 4.256432
52 4.256432
53 4.256432
54 4.256432
55 4.288195
56 4.288195
57 4.562319
58 4.562319
59 4.562319
60 4.562319
61 4.663159
62 4.663159
63 4.663159
64 4.663159
65 4.776782
66 4.776782
67 4.776782
68 4.776782
69 4.857539
70 4.857539
71 4.857539
72 4.857539
73 5.022688
74 5.022688
75 5.022688
76 5.022688
77 5.106847
78 5.106847
79 5.106847
80 5.106847
81 5.210614
82 5.210614
83 5.210614
84 5.210614
85 5.304230
86 5.304230
87 5.304230
88 5.304230
89 5.343129
90 5.343129
Hartree-Fock energy after 12 Iterations: 1.799743
HF time: 5574
