Assemble time: 398121
Single particles energies:
1 2.854777
2 2.854777
3 3.217324
4 3.217324
5 3.217324
6 3.217324
7 3.830347
8 3.830347
9 3.830347
10 3.830347
11 3.911913
12 3.911913
13 4.210516
14 4.210516
15 4.210516
16 4.210516
17 4.299931
18 4.299931
19 4.299931
20 4.299931
21 4.570909
22 4.570909
23 4.570909
24 4.570909
25 4.710441
26 4.710441
27 4.710441
28 4.710441
29 4.744771
30 4.744771
31 4.923532
32 4.923532
33 4.923532
34 4.923532
35 5.086943
36 5.086943
37 5.086943
38 5.086943
39 5.151087
40 5.151087
41 5.151087
42 5.151087
43 5.436949
44 5.436949
45 5.436949
46 5.436949
47 5.735955
48 5.735955
49 5.735955
50 5.735955
51 5.797910
52 5.797910
53 5.797910
54 5.797910
55 5.877662
56 5.877662
57 5.877662
58 5.877662
59 5.906131
60 5.906131
61 6.101978
62 6.101978
63 6.101978
64 6.101978
65 6.290005
66 6.290005
67 6.290005
68 6.290005
69 6.350930
70 6.350930
71 6.350930
72 6.350930
Hartree-Fock energy after 21 Iterations: 12.271361
HF time: 3233
