Assemble time: 26633814
Single particles energies:
1 1.264427
2 1.264427
3 1.983936
4 1.983936
5 1.983936
6 1.983936
7 2.395386
8 2.395386
9 2.395386
10 2.395386
11 2.458426
12 2.458426
13 2.798011
14 2.798011
15 2.798011
16 2.798011
17 2.892792
18 2.892792
19 2.892792
20 2.892792
21 3.215253
22 3.215253
23 3.215253
24 3.215253
25 3.316476
26 3.316476
27 3.316476
28 3.316476
29 3.361755
30 3.361755
31 3.647979
32 3.647979
33 3.647979
34 3.647979
35 3.743602
36 3.743602
37 3.743602
38 3.743602
39 3.811618
40 3.811618
41 3.811618
42 3.811618
43 4.093540
44 4.093540
45 4.093540
46 4.093540
47 4.178993
48 4.178993
49 4.178993
50 4.178993
51 4.254936
52 4.254936
53 4.254936
54 4.254936
55 4.286685
56 4.286685
57 4.549562
58 4.549562
59 4.549562
60 4.549562
61 4.624555
62 4.624555
63 4.624555
64 4.624555
65 4.700744
66 4.700744
67 4.700744
68 4.700744
69 4.751091
70 4.751091
71 4.751091
72 4.751091
73 5.012976
74 5.012976
75 5.012976
76 5.012976
77 5.077279
78 5.077279
79 5.077279
80 5.077279
81 5.148956
82 5.148956
83 5.148956
84 5.148956
85 5.208239
86 5.208239
87 5.208239
88 5.208239
89 5.231758
90 5.231758
91 5.489984
92 5.489984
93 5.489984
94 5.489984
95 5.559989
96 5.559989
97 5.559989
98 5.559989
99 5.651378
100 5.651378
101 5.651378
102 5.651378
103 5.746695
104 5.746695
105 5.746695
106 5.746695
107 5.810554
108 5.810554
109 5.810554
110 5.810554
111 5.962585
112 5.962585
113 5.962585
114 5.962585
115 6.020983
116 6.020983
117 6.020983
118 6.020983
119 6.099838
120 6.099838
121 6.099838
122 6.099838
123 6.190342
124 6.190342
125 6.190342
126 6.190342
127 6.267189
128 6.267189
129 6.267189
130 6.267189
131 6.297977
132 6.297977
Hartree-Fock energy after 12 Iterations: 1.799742
HF time: 20700
