Assemble time: 10266
Single particles energies:
1 1.264462
2 1.264462
3 1.983980
4 1.983980
5 1.983980
6 1.983980
7 2.395557
8 2.395557
9 2.395557
10 2.395557
11 2.458511
12 2.458511
13 2.798350
14 2.798350
15 2.798350
16 2.798350
17 2.893154
18 2.893154
19 2.893154
20 2.893154
21 3.247067
22 3.247067
23 3.247067
24 3.247067
25 3.395533
26 3.395533
27 3.395533
28 3.395533
29 3.465723
30 3.465723
31 3.671548
32 3.671548
33 3.671548
34 3.671548
35 3.808633
36 3.808633
37 3.808633
38 3.808633
39 3.914231
40 3.914231
41 3.914231
42 3.914231
Hartree-Fock energy after 12 Iterations: 1.799748
HF time: 246
