Assemble time: 1848070
Single particles energies:
1 2.460051
2 2.460051
3 2.746827
4 2.746827
5 2.746827
6 2.746827
7 3.252362
8 3.252362
9 3.252362
10 3.252362
11 3.322913
12 3.322913
13 3.552799
14 3.552799
15 3.552799
16 3.552799
17 3.628208
18 3.628208
19 3.628208
20 3.628208
21 3.826919
22 3.826919
23 3.826919
24 3.826919
25 3.931956
26 3.931956
27 3.931956
28 3.931956
29 3.955181
30 3.955181
31 4.111034
32 4.111034
33 4.111034
34 4.111034
35 4.255430
36 4.255430
37 4.255430
38 4.255430
39 4.310974
40 4.310974
41 4.310974
42 4.310974
43 4.395150
44 4.395150
45 4.395150
46 4.395150
47 4.547112
48 4.547112
49 4.547112
50 4.547112
51 4.629534
52 4.629534
53 4.629534
54 4.629534
55 4.647608
56 4.647608
57 4.814132
58 4.814132
59 4.814132
60 4.814132
61 5.085182
62 5.085182
63 5.085182
64 5.085182
65 5.105198
66 5.105198
67 5.105198
68 5.105198
69 5.245621
70 5.245621
71 5.245621
72 5.245621
73 5.294897
74 5.294897
75 5.294897
76 5.294897
77 5.369547
78 5.369547
79 5.369547
80 5.369547
81 5.561627
82 5.561627
83 5.561627
84 5.561627
85 5.643590
86 5.643590
87 5.643590
88 5.643590
89 5.660306
90 5.660306
Hartree-Fock energy after 22 Iterations: 10.405195
HF time: 9189
