Assemble time: 72896
Single particles energies:
1 2.460500
2 2.460500
3 2.747159
4 2.747159
5 2.747159
6 2.747159
7 3.252771
8 3.252771
9 3.252771
10 3.252771
11 3.323564
12 3.323564
13 3.569006
14 3.569006
15 3.569006
16 3.569006
17 3.659665
18 3.659665
19 3.659665
20 3.659665
21 3.838733
22 3.838733
23 3.838733
24 3.838733
25 3.961550
26 3.961550
27 3.961550
28 3.961550
29 3.991071
30 3.991071
31 4.269228
32 4.269228
33 4.269228
34 4.269228
35 4.505698
36 4.505698
37 4.505698
38 4.505698
39 4.536352
40 4.536352
41 4.536352
42 4.536352
43 4.579717
44 4.579717
45 4.579717
46 4.579717
47 4.799633
48 4.799633
49 4.799633
50 4.799633
51 4.918369
52 4.918369
53 4.918369
54 4.918369
55 4.941149
56 4.941149
Hartree-Fock energy after 23 Iterations: 10.405292
HF time: 1462
