Assemble time: 398441
Single particles energies:
1 1.074164
2 1.074164
3 1.669979
4 1.669979
5 1.669979
6 1.669979
7 1.994382
8 1.994382
9 1.994382
10 1.994382
11 2.049202
12 2.049202
13 2.309949
14 2.309949
15 2.309949
16 2.309949
17 2.392405
18 2.392405
19 2.392405
20 2.392405
21 2.637944
22 2.637944
23 2.637944
24 2.637944
25 2.726343
26 2.726343
27 2.726343
28 2.726343
29 2.765703
30 2.765703
31 2.978805
32 2.978805
33 2.978805
34 2.978805
35 3.062884
36 3.062884
37 3.062884
38 3.062884
39 3.122095
40 3.122095
41 3.122095
42 3.122095
43 3.347830
44 3.347830
45 3.347830
46 3.347830
47 3.456318
48 3.456318
49 3.456318
50 3.456318
51 3.561831
52 3.561831
53 3.561831
54 3.561831
55 3.607780
56 3.607780
57 3.704164
58 3.704164
59 3.704164
60 3.704164
61 3.796194
62 3.796194
63 3.796194
64 3.796194
65 3.899413
66 3.899413
67 3.899413
68 3.899413
69 3.972257
70 3.972257
71 3.972257
72 3.972257
Hartree-Fock energy after 12 Iterations: 1.508015
HF time: 2142
