Assemble time: 7347073
Single particles energies:
1 3.230245
2 3.230245
3 3.556468
4 3.556468
5 3.775935
6 3.775935
7 3.892028
8 3.892028
9 4.079648
10 4.079648
11 4.231223
12 4.231223
13 4.311517
14 4.311517
15 4.411538
16 4.411538
17 4.576355
18 4.576355
19 4.583304
20 4.583304
21 4.743224
22 4.743224
23 4.819129
24 4.819129
25 4.925682
26 4.925682
27 4.927208
28 4.927208
29 5.059989
30 5.059989
31 5.095368
32 5.095368
33 5.265786
34 5.265786
35 5.304072
36 5.304072
37 5.307660
38 5.307660
39 5.484740
40 5.484740
41 5.500075
42 5.500075
43 5.555817
44 5.555817
45 5.701647
46 5.701647
47 5.756723
48 5.756723
49 5.838253
50 5.838253
51 5.894207
52 5.894207
53 6.012416
54 6.012416
55 6.102798
56 6.102798
57 6.200270
58 6.200270
59 6.224826
60 6.224826
61 6.345770
62 6.345770
63 6.439943
64 6.439943
65 6.463595
66 6.463595
67 6.502464
68 6.502464
69 6.673176
70 6.673176
71 6.714895
72 6.714895
73 6.782879
74 6.782879
75 7.027561
76 7.027561
77 7.058903
78 7.058903
79 7.075915
80 7.075915
81 7.249737
82 7.249737
83 7.290254
84 7.290254
85 7.417491
86 7.417491
87 7.441473
88 7.441473
89 7.802793
90 7.802793
91 7.943401
92 7.943401
93 8.113520
94 8.113520
95 8.165390
96 8.165390
97 8.336672
98 8.336672
99 8.592221
100 8.592221
101 8.690125
102 8.690125
103 8.723928
104 8.723928
105 8.853211
106 8.853211
107 9.017773
108 9.017773
109 9.049820
110 9.049820
Hartree-Fock energy after 148 Iterations: 16.915801
HF time: 115019
