Assemble time: 26425200
Single particles energies:
1 3.230244
2 3.230244
3 3.556467
4 3.556467
5 3.775934
6 3.775934
7 3.892027
8 3.892027
9 4.079645
10 4.079645
11 4.231220
12 4.231220
13 4.311501
14 4.311501
15 4.411511
16 4.411511
17 4.576212
18 4.576212
19 4.583159
20 4.583159
21 4.742397
22 4.742397
23 4.817546
24 4.817546
25 4.921247
26 4.921247
27 4.924054
28 4.924054
29 5.053621
30 5.053621
31 5.084891
32 5.084891
33 5.242279
34 5.242279
35 5.277364
36 5.277364
37 5.284615
38 5.284615
39 5.432345
40 5.432345
41 5.435410
42 5.435410
43 5.501465
44 5.501465
45 5.602000
46 5.602000
47 5.658667
48 5.658667
49 5.735654
50 5.735654
51 5.764929
52 5.764929
53 5.830713
54 5.830713
55 5.956130
56 5.956130
57 6.023111
58 6.023111
59 6.028327
60 6.028327
61 6.110409
62 6.110409
63 6.166669
64 6.166669
65 6.254600
66 6.254600
67 6.293943
68 6.293943
69 6.369885
70 6.369885
71 6.402623
72 6.402623
73 6.479954
74 6.479954
75 6.563048
76 6.563048
77 6.685189
78 6.685189
79 6.733225
80 6.733225
81 6.739699
82 6.739699
83 6.815805
84 6.815805
85 6.872135
86 6.872135
87 7.037764
88 7.037764
89 7.106818
90 7.106818
91 7.162459
92 7.162459
93 7.249331
94 7.249331
95 7.268195
96 7.268195
97 7.333471
98 7.333471
99 7.466603
100 7.466603
101 7.596193
102 7.596193
103 7.647720
104 7.647720
105 7.709452
106 7.709452
107 7.963208
108 7.963208
109 8.026538
110 8.026538
111 8.245818
112 8.245818
113 8.306384
114 8.306384
115 8.571174
116 8.571174
117 8.622261
118 8.622261
119 8.945978
120 8.945978
121 8.969373
122 8.969373
123 8.978620
124 8.978620
125 9.138044
126 9.138044
127 9.232937
128 9.232937
129 9.411405
130 9.411405
131 9.429155
132 9.429155
Hartree-Fock energy after 154 Iterations: 16.916209
HF time: 246646
