Assemble time: 7372127
Single particles energies:
1 2.460002
2 2.460002
3 2.746794
4 2.746794
5 2.746794
6 2.746794
7 3.252329
8 3.252329
9 3.252329
10 3.252329
11 3.322846
12 3.322846
13 3.552787
14 3.552787
15 3.552787
16 3.552787
17 3.628223
18 3.628223
19 3.628223
20 3.628223
21 3.826936
22 3.826936
23 3.826936
24 3.826936
25 3.931997
26 3.931997
27 3.931997
28 3.931997
29 3.955157
30 3.955157
31 4.103876
32 4.103876
33 4.103876
34 4.103876
35 4.231215
36 4.231215
37 4.231215
38 4.231215
39 4.276028
40 4.276028
41 4.276028
42 4.276028
43 4.395210
44 4.395210
45 4.395210
46 4.395210
47 4.547092
48 4.547092
49 4.547092
50 4.547092
51 4.629533
52 4.629533
53 4.629533
54 4.629533
55 4.647539
56 4.647539
57 4.692621
58 4.692621
59 4.692621
60 4.692621
61 4.842280
62 4.842280
63 4.842280
64 4.842280
65 4.944848
66 4.944848
67 4.944848
68 4.944848
69 4.981860
70 4.981860
71 4.981860
72 4.981860
73 5.105262
74 5.105262
75 5.105262
76 5.105262
77 5.369478
78 5.369478
79 5.369478
80 5.369478
81 5.409431
82 5.409431
83 5.409431
84 5.409431
85 5.561641
86 5.561641
87 5.561641
88 5.561641
89 5.643566
90 5.643566
91 5.643566
92 5.643566
93 5.657451
94 5.657451
95 5.657451
96 5.657451
97 5.660205
98 5.660205
99 5.868683
100 5.868683
101 5.868683
102 5.868683
103 5.984344
104 5.984344
105 5.984344
106 5.984344
107 6.020965
108 6.020965
109 6.020965
110 6.020965
Hartree-Fock energy after 22 Iterations: 10.405166
HF time: 18780
