Assemble time: 399149
Single particles energies:
1 2.460072
2 2.460072
3 2.746835
4 2.746835
5 2.746835
6 2.746835
7 3.252373
8 3.252373
9 3.252373
10 3.252373
11 3.323001
12 3.323001
13 3.552778
14 3.552778
15 3.552778
16 3.552778
17 3.628172
18 3.628172
19 3.628172
20 3.628172
21 3.838392
22 3.838392
23 3.838392
24 3.838392
25 3.961315
26 3.961315
27 3.961315
28 3.961315
29 3.990687
30 3.990687
31 4.110989
32 4.110989
33 4.110989
34 4.110989
35 4.255432
36 4.255432
37 4.255432
38 4.255432
39 4.310982
40 4.310982
41 4.310982
42 4.310982
43 4.536010
44 4.536010
45 4.536010
46 4.536010
47 4.799356
48 4.799356
49 4.799356
50 4.799356
51 4.814085
52 4.814085
53 4.814085
54 4.814085
55 4.918023
56 4.918023
57 4.918023
58 4.918023
59 4.940603
60 4.940603
61 5.085214
62 5.085214
63 5.085214
64 5.085214
65 5.245580
66 5.245580
67 5.245580
68 5.245580
69 5.294931
70 5.294931
71 5.294931
72 5.294931
Hartree-Fock energy after 22 Iterations: 10.405222
HF time: 3506
