Assemble time: 1915470
Single particles energies:
1 4.413654
2 4.413654
3 4.738370
4 4.738370
5 4.970069
6 4.970069
7 5.068856
8 5.068856
9 5.284462
10 5.284462
11 5.407773
12 5.407773
13 5.548865
14 5.548865
15 5.626835
16 5.626835
17 5.771718
18 5.771718
19 5.874881
20 5.874881
21 6.020576
22 6.020576
23 6.203959
24 6.203959
25 6.221041
26 6.221041
27 6.370472
28 6.370472
29 6.522797
30 6.522797
31 6.613293
32 6.613293
33 6.777539
34 6.777539
35 6.929806
36 6.929806
37 7.052396
38 7.052396
39 7.220905
40 7.220905
41 7.503211
42 7.503211
43 7.566261
44 7.566261
45 7.651292
46 7.651292
47 7.744011
48 7.744011
49 8.130534
50 8.130534
51 8.261920
52 8.261920
53 8.373186
54 8.373186
55 8.799106
56 8.799106
57 8.855921
58 8.855921
59 8.974134
60 8.974134
61 9.210303
62 9.210303
63 9.422693
64 9.422693
65 9.578693
66 9.578693
67 9.814733
68 9.814733
69 9.917168
70 9.917168
71 10.062450
72 10.062450
73 10.349872
74 10.349872
75 10.576161
76 10.576161
77 10.970862
78 10.970862
79 11.007463
80 11.007463
81 11.212469
82 11.212469
83 11.434846
84 11.434846
85 11.722961
86 11.722961
87 11.850165
88 11.850165
89 11.933896
90 11.933896
Hartree-Fock energy after 85 Iterations: 29.000484
HF time: 32596
