Assemble time: 72734
Single particles energies:
1 4.193930
2 4.193930
3 4.417479
4 4.417479
5 4.417479
6 4.417479
7 4.684694
8 4.684694
9 4.684694
10 4.684694
11 4.707855
12 4.707855
13 5.199758
14 5.199758
15 5.199758
16 5.199758
17 5.319457
18 5.319457
19 5.319457
20 5.319457
21 5.478603
22 5.478603
23 5.478603
24 5.478603
25 5.615878
26 5.615878
27 5.615878
28 5.615878
29 5.656840
30 5.656840
31 6.015224
32 6.015224
33 6.015224
34 6.015224
35 6.234415
36 6.234415
37 6.234415
38 6.234415
39 6.259732
40 6.259732
41 6.259732
42 6.259732
43 6.356934
44 6.356934
45 6.356934
46 6.356934
47 6.526493
48 6.526493
49 6.526493
50 6.526493
51 6.663967
52 6.663967
53 6.663967
54 6.663967
55 6.729131
56 6.729131
Hartree-Fock energy after 121 Iterations: 34.358501
HF time: 7367
