Assemble time: 398426
Single particles energies:
1 3.255591
2 3.278906
3 3.582939
4 3.606986
5 3.754313
6 3.837850
7 3.921689
8 3.939988
9 4.068540
10 4.146162
11 4.257239
12 4.265171
13 4.283101
14 4.398536
15 4.436005
16 4.487418
17 4.571895
18 4.639637
19 4.656903
20 4.695995
21 4.820437
22 4.851335
23 4.892562
24 5.005182
25 5.059709
26 5.090441
27 5.123119
28 5.182130
29 5.200653
30 5.314652
31 5.346123
32 5.427877
33 5.530100
34 5.565128
35 5.670916
36 5.685665
37 5.738476
38 5.796881
39 5.867060
40 6.001577
41 6.015710
42 6.092015
43 6.123292
44 6.154248
45 6.237892
46 6.388516
47 6.448589
48 6.537208
49 6.580645
50 6.635861
51 6.638867
52 6.641594
53 6.734437
54 6.801583
55 6.946480
56 7.093580
57 7.176690
58 7.303730
59 7.483472
60 7.614859
61 7.630644
62 7.662981
63 7.736687
64 7.764444
65 7.905606
66 7.920417
67 8.083607
68 8.105137
69 8.142434
70 8.231170
71 8.292873
72 8.342650
Hartree-Fock energy after 191 Iterations: 17.587455
HF time: 30446
