Assemble time: 399826
Single particles energies:
1 4.518295
2 4.518295
3 4.842550
4 4.842550
5 5.086367
6 5.086367
7 5.178232
8 5.178232
9 5.419023
10 5.419023
11 5.542352
12 5.542352
13 5.747381
14 5.747381
15 5.832134
16 5.832134
17 5.983137
18 5.983137
19 6.135471
20 6.135471
21 6.350071
22 6.350071
23 6.578356
24 6.578356
25 6.621691
26 6.621691
27 6.901086
28 6.901086
29 7.092843
30 7.092843
31 7.093443
32 7.093443
33 7.427212
34 7.427212
35 7.689116
36 7.689116
37 7.802527
38 7.802527
39 8.116313
40 8.116313
41 8.403360
42 8.403360
43 8.521996
44 8.521996
45 8.890203
46 8.890203
47 8.913790
48 8.913790
49 9.080686
50 9.080686
51 9.583756
52 9.583756
53 9.663916
54 9.663916
55 9.796323
56 9.796323
57 10.003444
58 10.003444
59 10.416217
60 10.416217
61 10.652845
62 10.652845
63 10.901736
64 10.901736
65 10.937232
66 10.937232
67 11.287914
68 11.287914
69 11.544956
70 11.544956
71 11.591615
72 11.591615
Hartree-Fock energy after 60 Iterations: 31.129961
HF time: 9409
