Assemble time: 26356572
Single particles energies:
1 2.460002
2 2.460002
3 2.746796
4 2.746796
5 2.746796
6 2.746796
7 3.252325
8 3.252325
9 3.252325
10 3.252325
11 3.322836
12 3.322836
13 3.552790
14 3.552790
15 3.552790
16 3.552790
17 3.628226
18 3.628226
19 3.628226
20 3.628226
21 3.826906
22 3.826906
23 3.826906
24 3.826906
25 3.931992
26 3.931992
27 3.931992
28 3.931992
29 3.955154
30 3.955154
31 4.103878
32 4.103878
33 4.103878
34 4.103878
35 4.231213
36 4.231213
37 4.231213
38 4.231213
39 4.276027
40 4.276027
41 4.276027
42 4.276027
43 4.391230
44 4.391230
45 4.391230
46 4.391230
47 4.529363
48 4.529363
49 4.529363
50 4.529363
51 4.598242
52 4.598242
53 4.598242
54 4.598242
55 4.611900
56 4.611900
57 4.692620
58 4.692620
59 4.692620
60 4.692620
61 4.842281
62 4.842281
63 4.842281
64 4.842281
65 4.944849
66 4.944849
67 4.944849
68 4.944849
69 4.981861
70 4.981861
71 4.981861
72 4.981861
73 5.002690
74 5.002690
75 5.002690
76 5.002690
77 5.144658
78 5.144658
79 5.144658
80 5.144658
81 5.258441
82 5.258441
83 5.258441
84 5.258441
85 5.315372
86 5.315372
87 5.315372
88 5.315372
89 5.328539
90 5.328539
91 5.409430
92 5.409430
93 5.409430
94 5.409430
95 5.657456
96 5.657456
97 5.657456
98 5.657456
99 5.725781
100 5.725781
101 5.725781
102 5.725781
103 5.868680
104 5.868680
105 5.868680
106 5.868680
107 5.952397
108 5.952397
109 5.952397
110 5.952397
111 5.984352
112 5.984352
113 5.984352
114 5.984352
115 6.020963
116 6.020963
117 6.020963
118 6.020963
119 6.170756
120 6.170756
121 6.170756
122 6.170756
123 6.315934
124 6.315934
125 6.315934
126 6.315934
127 6.377229
128 6.377229
129 6.377229
130 6.377229
131 6.390566
132 6.390566
Hartree-Fock energy after 22 Iterations: 10.405165
HF time: 39075
