Assemble time: 10542
Single particles energies:
1 6.776216
2 6.776216
3 6.796268
4 6.796268
5 6.796268
6 6.796268
7 7.149138
8 7.149138
9 7.149138
10 7.149138
11 7.218790
12 7.218790
13 7.300926
14 7.300926
15 7.300926
16 7.300926
17 7.552251
18 7.552251
19 7.552251
20 7.552251
21 8.212774
22 8.212774
23 8.212774
24 8.212774
25 8.417459
26 8.417459
27 8.417459
28 8.417459
29 8.535436
30 8.535436
31 8.535436
32 8.535436
33 8.608843
34 8.608843
35 8.870153
36 8.870153
37 8.870153
38 8.870153
39 8.959655
40 8.959655
41 8.959655
42 8.959655
Hartree-Fock energy after 19 Iterations: 85.872410
HF time: 420
