Assemble time: 1875230
Single particles energies:
1 1.074155
2 1.074155
3 1.669974
4 1.669974
5 1.669974
6 1.669974
7 1.994389
8 1.994389
9 1.994389
10 1.994389
11 2.049210
12 2.049210
13 2.309964
14 2.309964
15 2.309964
16 2.309964
17 2.392400
18 2.392400
19 2.392400
20 2.392400
21 2.637640
22 2.637640
23 2.637640
24 2.637640
25 2.725965
26 2.725965
27 2.725965
28 2.725965
29 2.765444
30 2.765444
31 2.978812
32 2.978812
33 2.978812
34 2.978812
35 3.062877
36 3.062877
37 3.062877
38 3.062877
39 3.122097
40 3.122097
41 3.122097
42 3.122097
43 3.330679
44 3.330679
45 3.330679
46 3.330679
47 3.406374
48 3.406374
49 3.406374
50 3.406374
51 3.472800
52 3.472800
53 3.472800
54 3.472800
55 3.500374
56 3.500374
57 3.704164
58 3.704164
59 3.704164
60 3.704164
61 3.796209
62 3.796209
63 3.796209
64 3.796209
65 3.899392
66 3.899392
67 3.899392
68 3.899392
69 3.972261
70 3.972261
71 3.972261
72 3.972261
73 4.068565
74 4.068565
75 4.068565
76 4.068565
77 4.145583
78 4.145583
79 4.145583
80 4.145583
81 4.240170
82 4.240170
83 4.240170
84 4.240170
85 4.324960
86 4.324960
87 4.324960
88 4.324960
89 4.359998
90 4.359998
Hartree-Fock energy after 12 Iterations: 1.508011
HF time: 4975
