Assemble time: 72606
Single particles energies:
1 4.737320
2 4.737320
3 5.067151
4 5.067151
5 5.368183
6 5.368183
7 5.439447
8 5.439447
9 5.757338
10 5.757338
11 5.903927
12 5.903927
13 6.214413
14 6.214413
15 6.399032
16 6.399032
17 6.559201
18 6.559201
19 6.752769
20 6.752769
21 7.170841
22 7.170841
23 7.297754
24 7.297754
25 7.486094
26 7.486094
27 7.974204
28 7.974204
29 8.090535
30 8.090535
31 8.275988
32 8.275988
33 8.569332
34 8.569332
35 9.077675
36 9.077675
37 9.183773
38 9.183773
39 9.206703
40 9.206703
41 9.453278
42 9.453278
43 9.860322
44 9.860322
45 10.191018
46 10.191018
47 10.393690
48 10.393690
49 10.529430
50 10.529430
51 10.783978
52 10.783978
53 11.176858
54 11.176858
55 11.208501
56 11.208501
Hartree-Fock energy after 70 Iterations: 38.849082
HF time: 4204
