Assemble time: 7384903
Single particles energies:
1 1.074155
2 1.074155
3 1.669971
4 1.669971
5 1.669971
6 1.669971
7 1.994389
8 1.994389
9 1.994389
10 1.994389
11 2.049210
12 2.049210
13 2.309961
14 2.309961
15 2.309961
16 2.309961
17 2.392399
18 2.392399
19 2.392399
20 2.392399
21 2.637640
22 2.637640
23 2.637640
24 2.637640
25 2.725965
26 2.725965
27 2.725965
28 2.725965
29 2.765444
30 2.765444
31 2.978449
32 2.978449
33 2.978449
34 2.978449
35 3.062238
36 3.062238
37 3.062238
38 3.062238
39 3.121544
40 3.121544
41 3.121544
42 3.121544
43 3.330679
44 3.330679
45 3.330679
46 3.330679
47 3.406374
48 3.406374
49 3.406374
50 3.406374
51 3.472800
52 3.472800
53 3.472800
54 3.472800
55 3.500374
56 3.500374
57 3.691300
58 3.691300
59 3.691300
60 3.691300
61 3.757520
62 3.757520
63 3.757520
64 3.757520
65 3.824030
66 3.824030
67 3.824030
68 3.824030
69 3.867702
70 3.867702
71 3.867702
72 3.867702
73 4.068565
74 4.068565
75 4.068565
76 4.068565
77 4.145583
78 4.145583
79 4.145583
80 4.145583
81 4.240170
82 4.240170
83 4.240170
84 4.240170
85 4.324960
86 4.324960
87 4.324960
88 4.324960
89 4.359998
90 4.359998
91 4.439159
92 4.439159
93 4.439159
94 4.439159
95 4.503333
96 4.503333
97 4.503333
98 4.503333
99 4.586902
100 4.586902
101 4.586902
102 4.586902
103 4.673577
104 4.673577
105 4.673577
106 4.673577
107 4.731254
108 4.731254
109 4.731254
110 4.731254
Hartree-Fock energy after 12 Iterations: 1.508011
HF time: 10321
