Assemble time: 1870859
Single particles energies:
1 3.230547
2 3.230547
3 3.556762
4 3.556762
5 3.776257
6 3.776257
7 3.892321
8 3.892321
9 4.080020
10 4.080020
11 4.231687
12 4.231687
13 4.312431
14 4.312431
15 4.412937
16 4.412937
17 4.579823
18 4.579823
19 4.587032
20 4.587032
21 4.754465
22 4.754465
23 4.837426
24 4.837426
25 4.952636
26 4.952636
27 4.960211
28 4.960211
29 5.105212
30 5.105212
31 5.150459
32 5.150459
33 5.374613
34 5.374613
35 5.392011
36 5.392011
37 5.415658
38 5.415658
39 5.659163
40 5.659163
41 5.683123
42 5.683123
43 5.717358
44 5.717358
45 5.910267
46 5.910267
47 6.038826
48 6.038826
49 6.067639
50 6.067639
51 6.217089
52 6.217089
53 6.333597
54 6.333597
55 6.363867
56 6.363867
57 6.485591
58 6.485591
59 6.671292
60 6.671292
61 6.736381
62 6.736381
63 6.877456
64 6.877456
65 6.913545
66 6.913545
67 6.979855
68 6.979855
69 7.235535
70 7.235535
71 7.330476
72 7.330476
73 7.756734
74 7.756734
75 7.805686
76 7.805686
77 7.981607
78 7.981607
79 7.990498
80 7.990498
81 8.290958
82 8.290958
83 8.333474
84 8.333474
85 8.463024
86 8.463024
87 8.601637
88 8.601637
89 8.665972
90 8.665972
Hartree-Fock energy after 133 Iterations: 16.897894
HF time: 47289
