Assemble time: 72109
Single particles energies:
1 1.074164
2 1.074164
3 1.669986
4 1.669986
5 1.669986
6 1.669986
7 1.994382
8 1.994382
9 1.994382
10 1.994382
11 2.049202
12 2.049202
13 2.310143
14 2.310143
15 2.310143
16 2.310143
17 2.392511
18 2.392511
19 2.392511
20 2.392511
21 2.637944
22 2.637944
23 2.637944
24 2.637944
25 2.726343
26 2.726343
27 2.726343
28 2.726343
29 2.765703
30 2.765703
31 3.001920
32 3.001920
33 3.001920
34 3.001920
35 3.126061
36 3.126061
37 3.126061
38 3.126061
39 3.221224
40 3.221224
41 3.221224
42 3.221224
43 3.347830
44 3.347830
45 3.347830
46 3.347830
47 3.456318
48 3.456318
49 3.456318
50 3.456318
51 3.561831
52 3.561831
53 3.561831
54 3.561831
55 3.607780
56 3.607780
Hartree-Fock energy after 13 Iterations: 1.508015
HF time: 884
