Assemble time: 10591
Single particles energies:
1 2.461339
2 2.461339
3 2.747968
4 2.747968
5 2.747968
6 2.747968
7 3.271307
8 3.271307
9 3.271307
10 3.271307
11 3.352157
12 3.352157
13 3.569622
14 3.569622
15 3.569622
16 3.569622
17 3.660284
18 3.660284
19 3.660284
20 3.660284
21 4.007767
22 4.007767
23 4.007767
24 4.007767
25 4.197618
26 4.197618
27 4.197618
28 4.197618
29 4.234297
30 4.234297
31 4.269808
32 4.269808
33 4.269808
34 4.269808
35 4.506229
36 4.506229
37 4.506229
38 4.506229
39 4.580753
40 4.580753
41 4.580753
42 4.580753
Hartree-Fock energy after 23 Iterations: 10.405715
HF time: 545
