Assemble time: 10528
Single particles energies:
1 4.300760
2 4.300760
3 4.492624
4 4.492624
5 4.492624
6 4.492624
7 4.719274
8 4.719274
9 4.719274
10 4.719274
11 4.809842
12 4.809842
13 5.375177
14 5.375177
15 5.375177
16 5.375177
17 5.415495
18 5.415495
19 5.415495
20 5.415495
21 5.852743
22 5.852743
23 5.852743
24 5.852743
25 6.032384
26 6.032384
27 6.032384
28 6.032384
29 6.082722
30 6.082722
31 6.102698
32 6.102698
33 6.120610
34 6.120610
35 6.339276
36 6.339276
37 6.339276
38 6.339276
39 6.435038
40 6.435038
41 6.435038
42 6.435038
Hartree-Fock energy after 147 Iterations: 34.717918
HF time: 3099
