Assemble time: 25966026
Single particles energies:
1 1.074154
2 1.074154
3 1.669972
4 1.669972
5 1.669972
6 1.669972
7 1.994391
8 1.994391
9 1.994391
10 1.994391
11 2.049208
12 2.049208
13 2.309964
14 2.309964
15 2.309964
16 2.309964
17 2.392396
18 2.392396
19 2.392396
20 2.392396
21 2.637627
22 2.637627
23 2.637627
24 2.637627
25 2.725957
26 2.725957
27 2.725957
28 2.725957
29 2.765446
30 2.765446
31 2.978449
32 2.978449
33 2.978449
34 2.978449
35 3.062239
36 3.062239
37 3.062239
38 3.062239
39 3.121546
40 3.121546
41 3.121546
42 3.121546
43 3.330331
44 3.330331
45 3.330331
46 3.330331
47 3.405560
48 3.405560
49 3.405560
50 3.405560
51 3.471879
52 3.471879
53 3.471879
54 3.471879
55 3.499532
56 3.499532
57 3.691298
58 3.691298
59 3.691298
60 3.691298
61 3.757524
62 3.757524
63 3.757524
64 3.757524
65 3.824028
66 3.824028
67 3.824028
68 3.824028
69 3.867703
70 3.867703
71 3.867703
72 3.867703
73 4.058754
74 4.058754
75 4.058754
76 4.058754
77 4.115804
78 4.115804
79 4.115804
80 4.115804
81 4.178626
82 4.178626
83 4.178626
84 4.178626
85 4.230109
86 4.230109
87 4.230109
88 4.230109
89 4.250451
90 4.250451
91 4.439158
92 4.439158
93 4.439158
94 4.439158
95 4.503333
96 4.503333
97 4.503333
98 4.503333
99 4.586907
100 4.586907
101 4.586907
102 4.586907
103 4.673571
104 4.673571
105 4.673571
106 4.673571
107 4.731257
108 4.731257
109 4.731257
110 4.731257
111 4.814513
112 4.814513
113 4.814513
114 4.814513
115 4.868096
116 4.868096
117 4.868096
118 4.868096
119 4.940393
120 4.940393
121 4.940393
122 4.940393
123 5.022980
124 5.022980
125 5.022980
126 5.022980
127 5.092642
128 5.092642
129 5.092642
130 5.092642
131 5.120408
132 5.120408
Hartree-Fock energy after 12 Iterations: 1.508010
HF time: 21143
