Assemble time: 7373156
Single particles energies:
1 4.371451
2 4.371451
3 4.696297
4 4.696297
5 4.925862
6 4.925862
7 5.026540
8 5.026540
9 5.237268
10 5.237268
11 5.361407
12 5.361407
13 5.483125
14 5.483125
15 5.562932
16 5.562932
17 5.704169
18 5.704169
19 5.781237
20 5.781237
21 5.907442
22 5.907442
23 6.066754
24 6.066754
25 6.070459
26 6.070459
27 6.158217
28 6.158217
29 6.298616
30 6.298616
31 6.376533
32 6.376533
33 6.501928
34 6.501928
35 6.582453
36 6.582453
37 6.729921
38 6.729921
39 6.792540
40 6.792540
41 7.002972
42 7.002972
43 7.067046
44 7.067046
45 7.105737
46 7.105737
47 7.174244
48 7.174244
49 7.466327
50 7.466327
51 7.531105
52 7.531105
53 7.569570
54 7.569570
55 7.871611
56 7.871611
57 7.928939
58 7.928939
59 8.093481
60 8.093481
61 8.228525
62 8.228525
63 8.407408
64 8.407408
65 8.538124
66 8.538124
67 8.657931
68 8.657931
69 8.865092
70 8.865092
71 9.067194
72 9.067194
73 9.169116
74 9.169116
75 9.278195
76 9.278195
77 9.602789
78 9.602789
79 9.684333
80 9.684333
81 9.714557
82 9.714557
83 9.859218
84 9.859218
85 10.178679
86 10.178679
87 10.263096
88 10.263096
89 10.420748
90 10.420748
91 10.450303
92 10.450303
93 10.999238
94 10.999238
95 11.097916
96 11.097916
97 11.305516
98 11.305516
99 11.430467
100 11.430467
101 11.681715
102 11.681715
103 11.859315
104 11.859315
105 12.027966
106 12.027966
107 12.180567
108 12.180567
109 12.250021
110 12.250021
Hartree-Fock energy after 109 Iterations: 29.024113
HF time: 85426
