Assemble time: 26016127
Single particles energies:
1 4.360003
2 4.360003
3 4.684845
4 4.684845
5 4.914110
6 4.914110
7 5.015101
8 5.015101
9 5.225088
10 5.225088
11 5.349646
12 5.349646
13 5.468088
14 5.468088
15 5.548094
16 5.548094
17 5.688424
18 5.688424
19 5.759428
20 5.759428
21 5.879045
22 5.879045
23 6.019081
24 6.019081
25 6.034627
26 6.034627
27 6.093337
28 6.093337
29 6.226285
30 6.226285
31 6.295471
32 6.295471
33 6.404047
34 6.404047
35 6.450969
36 6.450969
37 6.582564
38 6.582564
39 6.619460
40 6.619460
41 6.752926
42 6.752926
43 6.838419
44 6.838419
45 6.885410
46 6.885410
47 6.889963
48 6.889963
49 7.108280
50 7.108280
51 7.187411
52 7.187411
53 7.225494
54 7.225494
55 7.404992
56 7.404992
57 7.461949
58 7.461949
59 7.614265
60 7.614265
61 7.621619
62 7.621619
63 7.789913
64 7.789913
65 7.873172
66 7.873172
67 8.043404
68 8.043404
69 8.170206
70 8.170206
71 8.197616
72 8.197616
73 8.241412
74 8.241412
75 8.553580
76 8.553580
77 8.642835
78 8.642835
79 8.753582
80 8.753582
81 8.875974
82 8.875974
83 9.003738
84 9.003738
85 9.218694
86 9.218694
87 9.289519
88 9.289519
89 9.397181
90 9.397181
91 9.525696
92 9.525696
93 9.611055
94 9.611055
95 9.688885
96 9.688885
97 9.928985
98 9.928985
99 9.998660
100 9.998660
101 10.166803
102 10.166803
103 10.285378
104 10.285378
105 10.373769
106 10.373769
107 10.606891
108 10.606891
109 10.664008
110 10.664008
111 10.981919
112 10.981919
113 11.107074
114 11.107074
115 11.456794
116 11.456794
117 11.506939
118 11.506939
119 11.789005
120 11.789005
121 11.923056
122 11.923056
123 12.206023
124 12.206023
125 12.244369
126 12.244369
127 12.260289
128 12.260289
129 12.555312
130 12.555312
131 12.605591
132 12.605591
Hartree-Fock energy after 138 Iterations: 29.337527
HF time: 221589
