Assemble time: 71084
Single particles energies:
1 2.032901
2 2.032901
3 2.245219
4 2.245219
5 2.245219
6 2.245219
7 2.641613
8 2.641613
9 2.641613
10 2.641613
11 2.700863
12 2.700863
13 2.883359
14 2.883359
15 2.883359
16 2.883359
17 2.959835
18 2.959835
19 2.959835
20 2.959835
21 3.077361
22 3.077361
23 3.077361
24 3.077361
25 3.181828
26 3.181828
27 3.181828
28 3.181828
29 3.206019
30 3.206019
31 3.417786
32 3.417786
33 3.417786
34 3.417786
35 3.607809
36 3.607809
37 3.607809
38 3.607809
39 3.612755
40 3.612755
41 3.612755
42 3.612755
43 3.668977
44 3.668977
45 3.668977
46 3.668977
47 3.829151
48 3.829151
49 3.829151
50 3.829151
51 3.922000
52 3.922000
53 3.922000
54 3.922000
55 3.938780
56 3.938780
Hartree-Fock energy after 24 Iterations: 8.432147
HF time: 1424
