Assemble time: 395382
Single particles energies:
1 2.638720
2 2.638720
3 2.881695
4 2.881695
5 3.051807
6 3.051807
7 3.131136
8 3.131136
9 3.281642
10 3.281642
11 3.388233
12 3.388233
13 3.475685
14 3.475685
15 3.544464
16 3.544464
17 3.672311
18 3.672311
19 3.708297
20 3.708297
21 3.851350
22 3.851350
23 3.963226
24 3.963226
25 4.028262
26 4.028262
27 4.115560
28 4.115560
29 4.223326
30 4.223326
31 4.278148
32 4.278148
33 4.519158
34 4.519158
35 4.526145
36 4.526145
37 4.590828
38 4.590828
39 4.845053
40 4.845053
41 4.905163
42 4.905163
43 4.969578
44 4.969578
45 5.234957
46 5.234957
47 5.307404
48 5.307404
49 5.335020
50 5.335020
51 5.550585
52 5.550585
53 5.603877
54 5.603877
55 5.743858
56 5.743858
57 5.952475
58 5.952475
59 6.234103
60 6.234103
61 6.392898
62 6.392898
63 6.472105
64 6.472105
65 6.519332
66 6.519332
67 6.746953
68 6.746953
69 6.834566
70 6.834566
71 6.908789
72 6.908789
Hartree-Fock energy after 114 Iterations: 11.624978
HF time: 16269
