Assemble time: 1850720
Single particles energies:
1 2.031237
2 2.031237
3 2.243836
4 2.243836
5 2.243836
6 2.243836
7 2.639941
8 2.639941
9 2.639941
10 2.639941
11 2.698339
12 2.698339
13 2.862326
14 2.862326
15 2.862326
16 2.862326
17 2.922802
18 2.922802
19 2.922802
20 2.922802
21 3.060836
22 3.060836
23 3.060836
24 3.060836
25 3.145539
26 3.145539
27 3.145539
28 3.145539
29 3.163334
30 3.163334
31 3.270993
32 3.270993
33 3.270993
34 3.270993
35 3.394760
36 3.394760
37 3.394760
38 3.394760
39 3.440604
40 3.440604
41 3.440604
42 3.440604
43 3.474199
44 3.474199
45 3.474199
46 3.474199
47 3.604964
48 3.604964
49 3.604964
50 3.604964
51 3.674555
52 3.674555
53 3.674555
54 3.674555
55 3.689015
56 3.689015
57 3.804349
58 3.804349
59 3.804349
60 3.804349
61 4.011727
62 4.011727
63 4.011727
64 4.011727
65 4.036089
66 4.036089
67 4.036089
68 4.036089
69 4.164725
70 4.164725
71 4.164725
72 4.164725
73 4.201319
74 4.201319
75 4.201319
76 4.201319
77 4.241399
78 4.241399
79 4.241399
80 4.241399
81 4.398844
82 4.398844
83 4.398844
84 4.398844
85 4.461748
86 4.461748
87 4.461748
88 4.461748
89 4.473687
90 4.473687
Hartree-Fock energy after 24 Iterations: 8.431443
HF time: 8890
