Assemble time: 10367
Single particles energies:
1 5.703770
2 5.703770
3 5.703770
4 5.703770
5 5.736150
6 5.736150
7 6.006593
8 6.006593
9 6.006593
10 6.006593
11 6.094152
12 6.094152
13 6.095789
14 6.095789
15 6.095789
16 6.095789
17 6.357254
18 6.357254
19 6.357254
20 6.357254
21 6.867567
22 6.867567
23 6.867567
24 6.867567
25 7.003465
26 7.003465
27 7.003465
28 7.003465
29 7.153192
30 7.153192
31 7.153192
32 7.153192
33 7.210728
34 7.210728
35 7.406861
36 7.406861
37 7.406861
38 7.406861
39 7.475870
40 7.475870
41 7.475870
42 7.475870
Hartree-Fock energy after 19 Iterations: 71.029411
HF time: 423
