Assemble time: 7417874
Single particles energies:
1 3.585881
2 3.585881
3 3.827289
4 3.827289
5 4.002087
6 4.002087
7 4.073163
8 4.073163
9 4.234297
10 4.234297
11 4.323169
12 4.323169
13 4.425221
14 4.425221
15 4.479842
16 4.479842
17 4.581872
18 4.581872
19 4.654052
20 4.654052
21 4.745098
22 4.745098
23 4.865428
24 4.865428
25 4.883178
26 4.883178
27 4.962567
28 4.962567
29 5.056824
30 5.056824
31 5.132217
32 5.132217
33 5.209490
34 5.209490
35 5.298682
36 5.298682
37 5.423955
38 5.423955
39 5.457438
40 5.457438
41 5.664975
42 5.664975
43 5.667419
44 5.667419
45 5.733364
46 5.733364
47 5.801289
48 5.801289
49 6.008875
50 6.008875
51 6.100864
52 6.100864
53 6.145615
54 6.145615
55 6.316567
56 6.316567
57 6.416525
58 6.416525
59 6.610652
60 6.610652
61 6.719830
62 6.719830
63 6.800038
64 6.800038
65 6.981194
66 6.981194
67 7.132864
68 7.132864
69 7.177916
70 7.177916
71 7.412422
72 7.412422
73 7.525219
74 7.525219
75 7.677006
76 7.677006
77 7.907520
78 7.907520
79 7.977884
80 7.977884
81 8.123391
82 8.123391
83 8.195378
84 8.195378
85 8.470332
86 8.470332
87 8.528034
88 8.528034
89 8.636402
90 8.636402
91 8.731613
92 8.731613
93 9.153862
94 9.153862
95 9.167462
96 9.167462
97 9.435750
98 9.435750
99 9.553434
100 9.553434
101 9.731147
102 9.731147
103 9.904837
104 9.904837
105 10.095197
106 10.095197
107 10.213236
108 10.213236
109 10.278500
110 10.278500
Hartree-Fock energy after 89 Iterations: 18.875727
HF time: 68993
