Assemble time: 7358871
Single particles energies:
1 0.872461
2 0.872461
3 1.341335
4 1.341335
5 1.341335
6 1.341335
7 1.580104
8 1.580104
9 1.580104
10 1.580104
11 1.625726
12 1.625726
13 1.810144
14 1.810144
15 1.810144
16 1.810144
17 1.878763
18 1.878763
19 1.878763
20 1.878763
21 2.049533
22 2.049533
23 2.049533
24 2.049533
25 2.123402
26 2.123402
27 2.123402
28 2.123402
29 2.156407
30 2.156407
31 2.299501
32 2.299501
33 2.299501
34 2.299501
35 2.369981
36 2.369981
37 2.369981
38 2.369981
39 2.419546
40 2.419546
41 2.419546
42 2.419546
43 2.558794
44 2.558794
45 2.558794
46 2.558794
47 2.622683
48 2.622683
49 2.622683
50 2.622683
51 2.678118
52 2.678118
53 2.678118
54 2.678118
55 2.701082
56 2.701082
57 2.825121
58 2.825121
59 2.825121
60 2.825121
61 2.881386
62 2.881386
63 2.881386
64 2.881386
65 2.937054
66 2.937054
67 2.937054
68 2.937054
69 2.973357
70 2.973357
71 2.973357
72 2.973357
73 3.107118
74 3.107118
75 3.107118
76 3.107118
77 3.175965
78 3.175965
79 3.175965
80 3.175965
81 3.259921
82 3.259921
83 3.259921
84 3.259921
85 3.334336
86 3.334336
87 3.334336
88 3.334336
89 3.364800
90 3.364800
91 3.381463
92 3.381463
93 3.381463
94 3.381463
95 3.438987
96 3.438987
97 3.438987
98 3.438987
99 3.513545
100 3.513545
101 3.513545
102 3.513545
103 3.590096
104 3.590096
105 3.590096
106 3.590096
107 3.640470
108 3.640470
109 3.640470
110 3.640470
Hartree-Fock energy after 13 Iterations: 1.204351
HF time: 11933
