Assemble time: 26018442
Single particles energies:
1 2.631397
2 2.631397
3 2.874558
4 2.874558
5 3.043807
6 3.043807
7 3.123849
8 3.123849
9 3.271972
10 3.271972
11 3.376695
12 3.376695
13 3.451885
14 3.451885
15 3.517217
16 3.517217
17 3.633403
18 3.633403
19 3.657860
20 3.657860
21 3.764183
22 3.764183
23 3.840936
24 3.840936
25 3.892942
26 3.892942
27 3.909598
28 3.909598
29 4.019017
30 4.019017
31 4.021103
32 4.021103
33 4.151465
34 4.151465
35 4.159155
36 4.159155
37 4.202979
38 4.202979
39 4.286390
40 4.286390
41 4.319945
42 4.319945
43 4.373866
44 4.373866
45 4.430772
46 4.430772
47 4.451257
48 4.451257
49 4.568365
50 4.568365
51 4.578018
52 4.578018
53 4.598413
54 4.598413
55 4.756167
56 4.756167
57 4.778406
58 4.778406
59 4.801562
60 4.801562
61 4.817047
62 4.817047
63 4.947553
64 4.947553
65 5.007727
66 5.007727
67 5.008344
68 5.008344
69 5.084672
70 5.084672
71 5.192457
72 5.192457
73 5.206056
74 5.206056
75 5.272397
76 5.272397
77 5.341686
78 5.341686
79 5.433705
80 5.433705
81 5.473392
82 5.473392
83 5.495390
84 5.495390
85 5.504111
86 5.504111
87 5.602662
88 5.602662
89 5.759374
90 5.759374
91 5.833679
92 5.833679
93 5.912430
94 5.912430
95 5.959650
96 5.959650
97 5.993315
98 5.993315
99 6.013371
100 6.013371
101 6.057712
102 6.057712
103 6.281980
104 6.281980
105 6.330666
106 6.330666
107 6.410103
108 6.410103
109 6.483693
110 6.483693
111 6.738844
112 6.738844
113 6.773920
114 6.773920
115 6.947754
116 6.947754
117 7.054851
118 7.054851
119 7.313177
120 7.313177
121 7.367579
122 7.367579
123 7.409410
124 7.409410
125 7.487646
126 7.487646
127 7.598804
128 7.598804
129 7.751935
130 7.751935
131 7.770815
132 7.770815
Hartree-Fock energy after 106 Iterations: 11.808417
HF time: 170358
