Assemble time: 1848180
Single particles energies:
1 2.632095
2 2.632095
3 2.875238
4 2.875238
5 3.044539
6 3.044539
7 3.124525
8 3.124525
9 3.272832
10 3.272832
11 3.377736
12 3.377736
13 3.454235
14 3.454235
15 3.520224
16 3.520224
17 3.638904
18 3.638904
19 3.665309
20 3.665309
21 3.781286
22 3.781286
23 3.869379
24 3.869379
25 3.925230
26 3.925230
27 3.963460
28 3.963460
29 4.085438
30 4.085438
31 4.092461
32 4.092461
33 4.280985
34 4.280985
35 4.293517
36 4.293517
37 4.333695
38 4.333695
39 4.507581
40 4.507581
41 4.578581
42 4.578581
43 4.593955
44 4.593955
45 4.755191
46 4.755191
47 4.793140
48 4.793140
49 4.911392
50 4.911392
51 5.033432
52 5.033432
53 5.077722
54 5.077722
55 5.208118
56 5.208118
57 5.398640
58 5.398640
59 5.417885
60 5.417885
61 5.438761
62 5.438761
63 5.549798
64 5.549798
65 5.724783
66 5.724783
67 5.776681
68 5.776681
69 5.867676
70 5.867676
71 5.955087
72 5.955087
73 6.346321
74 6.346321
75 6.374644
76 6.374644
77 6.602506
78 6.602506
79 6.626517
80 6.626517
81 6.821821
82 6.821821
83 6.873769
84 6.873769
85 7.007019
86 7.007019
87 7.124416
88 7.124416
89 7.185832
90 7.185832
Hartree-Fock energy after 106 Iterations: 11.773180
HF time: 37227
