Assemble time: 10225
Single particles energies:
1 0.872544
2 0.872544
3 1.341424
4 1.341424
5 1.341424
6 1.341424
7 1.580106
8 1.580106
9 1.580106
10 1.580106
11 1.625774
12 1.625774
13 1.810133
14 1.810133
15 1.810133
16 1.810133
17 1.878780
18 1.878780
19 1.878780
20 1.878780
21 2.080300
22 2.080300
23 2.080300
24 2.080300
25 2.197462
26 2.197462
27 2.197462
28 2.197462
29 2.252124
30 2.252124
31 2.322704
32 2.322704
33 2.322704
34 2.322704
35 2.432120
36 2.432120
37 2.432120
38 2.432120
39 2.514962
40 2.514962
41 2.514962
42 2.514962
Hartree-Fock energy after 13 Iterations: 1.204377
HF time: 267
