Assemble time: 71005
Single particles energies:
1 3.929733
2 3.929733
3 4.179029
4 4.179029
5 4.428999
6 4.428999
7 4.483562
8 4.483562
9 4.734507
10 4.734507
11 4.866541
12 4.866541
13 5.111443
14 5.111443
15 5.306938
16 5.306938
17 5.427446
18 5.427446
19 5.572681
20 5.572681
21 5.939870
22 5.939870
23 6.034706
24 6.034706
25 6.194102
26 6.194102
27 6.673627
28 6.673627
29 6.724944
30 6.724944
31 6.904989
32 6.904989
33 7.136365
34 7.136365
35 7.617232
36 7.617232
37 7.671907
38 7.671907
39 7.720582
40 7.720582
41 7.976600
42 7.976600
43 8.267326
44 8.267326
45 8.555022
46 8.555022
47 8.751482
48 8.751482
49 8.905892
50 8.905892
51 9.097369
52 9.097369
53 9.461432
54 9.461432
55 9.524055
56 9.524055
Hartree-Fock energy after 68 Iterations: 28.698899
HF time: 3481
