Assemble time: 70834
Single particles energies:
1 0.872469
2 0.872469
3 1.341356
4 1.341356
5 1.341356
6 1.341356
7 1.580099
8 1.580099
9 1.580099
10 1.580099
11 1.625736
12 1.625736
13 1.810179
14 1.810179
15 1.810179
16 1.810179
17 1.878787
18 1.878787
19 1.878787
20 1.878787
21 2.049677
22 2.049677
23 2.049677
24 2.049677
25 2.123488
26 2.123488
27 2.123488
28 2.123488
29 2.156416
30 2.156416
31 2.322777
32 2.322777
33 2.322777
34 2.322777
35 2.432035
36 2.432035
37 2.432035
38 2.432035
39 2.514938
40 2.514938
41 2.514938
42 2.514938
43 2.576041
44 2.576041
45 2.576041
46 2.576041
47 2.672124
48 2.672124
49 2.672124
50 2.672124
51 2.764617
52 2.764617
53 2.764617
54 2.764617
55 2.804504
56 2.804504
Hartree-Fock energy after 13 Iterations: 1.204356
HF time: 797
