Assemble time: 26145494
Single particles energies:
1 3.570155
2 3.570155
3 3.811599
4 3.811599
5 3.985927
6 3.985927
7 4.057462
8 4.057462
9 4.217382
10 4.217382
11 4.306710
12 4.306710
13 4.403144
14 4.403144
15 4.458340
16 4.458340
17 4.559718
18 4.559718
19 4.622810
20 4.622810
21 4.707010
22 4.707010
23 4.820912
24 4.820912
25 4.826400
26 4.826400
27 4.881788
28 4.881788
29 4.974294
30 4.974294
31 5.043020
32 5.043020
33 5.106487
34 5.106487
35 5.160750
36 5.160750
37 5.273685
38 5.273685
39 5.285401
40 5.285401
41 5.425946
42 5.425946
43 5.451646
44 5.451646
45 5.521182
46 5.521182
47 5.526148
48 5.526148
49 5.681377
50 5.681377
51 5.770466
52 5.770466
53 5.802124
54 5.802124
55 5.907947
56 5.907947
57 5.986977
58 5.986977
59 6.139090
60 6.139090
61 6.139771
62 6.139771
63 6.233713
64 6.233713
65 6.376936
66 6.376936
67 6.515021
68 6.515021
69 6.535720
70 6.535720
71 6.617479
72 6.617479
73 6.672081
74 6.672081
75 6.953674
76 6.953674
77 6.983268
78 6.983268
79 7.117286
80 7.117286
81 7.204474
82 7.204474
83 7.400276
84 7.400276
85 7.542773
86 7.542773
87 7.571732
88 7.571732
89 7.678960
90 7.678960
91 7.777635
92 7.777635
93 7.930119
94 7.930119
95 8.018495
96 8.018495
97 8.226108
98 8.226108
99 8.310776
100 8.310776
101 8.439165
102 8.439165
103 8.476059
104 8.476059
105 8.506287
106 8.506287
107 8.844630
108 8.844630
109 8.958910
110 8.958910
111 9.039730
112 9.039730
113 9.151700
114 9.151700
115 9.529494
116 9.529494
117 9.537430
118 9.537430
119 9.816759
120 9.816759
121 9.861070
122 9.861070
123 10.169404
124 10.169404
125 10.186392
126 10.186392
127 10.260946
128 10.260946
129 10.483266
130 10.483266
131 10.530775
132 10.530775
Hartree-Fock energy after 111 Iterations: 19.186097
HF time: 186385
