Assemble time: 70497
Single particles energies:
1 2.671157
2 2.671157
3 2.913122
4 2.913122
5 3.091018
6 3.091018
7 3.166454
8 3.166454
9 3.334159
10 3.334159
11 3.448503
12 3.448503
13 3.575659
14 3.575659
15 3.662483
16 3.662483
17 3.808810
18 3.808810
19 3.862485
20 3.862485
21 4.082848
22 4.082848
23 4.184978
24 4.184978
25 4.322961
26 4.322961
27 4.473422
28 4.473422
29 4.579712
30 4.579712
31 4.705163
32 4.705163
33 4.941399
34 4.941399
35 5.137264
36 5.137264
37 5.239402
38 5.239402
39 5.411033
40 5.411033
41 5.491931
42 5.491931
43 5.792046
44 5.792046
45 5.942704
46 5.942704
47 6.142480
48 6.142480
49 6.274456
50 6.274456
51 6.453371
52 6.453371
53 6.561317
54 6.561317
55 6.709375
56 6.709375
Hartree-Fock energy after 94 Iterations: 11.520607
HF time: 5040
