Assemble time: 395474
Single particles energies:
1 3.732588
2 3.732588
3 3.973436
4 3.973436
5 4.168290
6 4.168290
7 4.228142
8 4.228142
9 4.423538
10 4.423538
11 4.514279
12 4.514279
13 4.691352
14 4.691352
15 4.773401
16 4.773401
17 4.874996
18 4.874996
19 5.006651
20 5.006651
21 5.190035
22 5.190035
23 5.366071
24 5.366071
25 5.415357
26 5.415357
27 5.678825
28 5.678825
29 5.819687
30 5.819687
31 5.825509
32 5.825509
33 6.068429
34 6.068429
35 6.345084
36 6.345084
37 6.446196
38 6.446196
39 6.669430
40 6.669430
41 6.941852
42 6.941852
43 7.100865
44 7.100865
45 7.339062
46 7.339062
47 7.400878
48 7.400878
49 7.582240
50 7.582240
51 8.034028
52 8.034028
53 8.062533
54 8.062533
55 8.258572
56 8.258572
57 8.326380
58 8.326380
59 8.703245
60 8.703245
61 8.941271
62 8.941271
63 9.172572
64 9.172572
65 9.208094
66 9.208094
67 9.489617
68 9.489617
69 9.771295
70 9.771295
71 9.783064
72 9.783064
Hartree-Fock energy after 42 Iterations: 21.386289
HF time: 6260
