Assemble time: 7376853
Single particles energies:
1 2.631418
2 2.631418
3 2.874579
4 2.874579
5 3.043829
6 3.043829
7 3.123869
8 3.123869
9 3.271994
10 3.271994
11 3.376722
12 3.376722
13 3.451972
14 3.451972
15 3.517349
16 3.517349
17 3.633763
18 3.633763
19 3.658378
20 3.658378
21 3.765961
22 3.765961
23 3.844622
24 3.844622
25 3.897472
26 3.897472
27 3.918124
28 3.918124
29 4.032005
30 4.032005
31 4.032953
32 4.032953
33 4.182139
34 4.182139
35 4.186888
36 4.186888
37 4.235096
38 4.235096
39 4.340482
40 4.340482
41 4.400564
42 4.400564
43 4.436363
44 4.436363
45 4.537901
46 4.537901
47 4.545370
48 4.545370
49 4.676763
50 4.676763
51 4.703898
52 4.703898
53 4.764392
54 4.764392
55 4.920681
56 4.920681
57 4.970451
58 4.970451
59 5.020684
60 5.020684
61 5.047118
62 5.047118
63 5.215338
64 5.215338
65 5.261411
66 5.261411
67 5.267391
68 5.267391
69 5.426092
70 5.426092
71 5.440767
72 5.440767
73 5.476585
74 5.476585
75 5.707923
76 5.707923
77 5.708435
78 5.708435
79 5.831071
80 5.831071
81 5.898222
82 5.898222
83 5.936917
84 5.936917
85 6.035867
86 6.035867
87 6.084967
88 6.084967
89 6.346471
90 6.346471
91 6.450024
92 6.450024
93 6.678637
94 6.678637
95 6.683841
96 6.683841
97 6.847953
98 6.847953
99 7.017756
100 7.017756
101 7.166120
102 7.166120
103 7.209980
104 7.209980
105 7.291415
106 7.291415
107 7.445170
108 7.445170
109 7.483223
110 7.483223
Hartree-Fock energy after 111 Iterations: 11.806814
HF time: 86279
