Assemble time: 26101859
Single particles energies:
1 2.031209
2 2.031209
3 2.243819
4 2.243819
5 2.243819
6 2.243819
7 2.639926
8 2.639926
9 2.639926
10 2.639926
11 2.698289
12 2.698289
13 2.862258
14 2.862258
15 2.862258
16 2.862258
17 2.922491
18 2.922491
19 2.922491
20 2.922491
21 3.060884
22 3.060884
23 3.060884
24 3.060884
25 3.145439
26 3.145439
27 3.145439
28 3.145439
29 3.163077
30 3.163077
31 3.260467
32 3.260467
33 3.260467
34 3.260467
35 3.363783
36 3.363783
37 3.363783
38 3.363783
39 3.398597
40 3.398597
41 3.398597
42 3.398597
43 3.467695
44 3.467695
45 3.467695
46 3.467695
47 3.580463
48 3.580463
49 3.580463
50 3.580463
51 3.635125
52 3.635125
53 3.635125
54 3.635125
55 3.645142
56 3.645142
57 3.687942
58 3.687942
59 3.687942
60 3.687942
61 3.816889
62 3.816889
63 3.816889
64 3.816889
65 3.904747
66 3.904747
67 3.904747
68 3.904747
69 3.911825
70 3.911825
71 3.911825
72 3.911825
73 3.935125
74 3.935125
75 3.935125
76 3.935125
77 4.034151
78 4.034151
79 4.034151
80 4.034151
81 4.132384
82 4.132384
83 4.132384
84 4.132384
85 4.180222
86 4.180222
87 4.180222
88 4.180222
89 4.190834
90 4.190834
91 4.229442
92 4.229442
93 4.229442
94 4.229442
95 4.448075
96 4.448075
97 4.448075
98 4.448075
99 4.456908
100 4.456908
101 4.456908
102 4.456908
103 4.624686
104 4.624686
105 4.624686
106 4.624686
107 4.659287
108 4.659287
109 4.659287
110 4.659287
111 4.715872
112 4.715872
113 4.715872
114 4.715872
115 4.742860
116 4.742860
117 4.742860
118 4.742860
119 4.845191
120 4.845191
121 4.845191
122 4.845191
123 4.962269
124 4.962269
125 4.962269
126 4.962269
127 5.008879
128 5.008879
129 5.008879
130 5.008879
131 5.018413
132 5.018413
Hartree-Fock energy after 24 Iterations: 8.431402
HF time: 40480
