Assemble time: 396888
Single particles energies:
1 2.031236
2 2.031236
3 2.243823
4 2.243823
5 2.243823
6 2.243823
7 2.640134
8 2.640134
9 2.640134
10 2.640134
11 2.698865
12 2.698865
13 2.862293
14 2.862293
15 2.862293
16 2.862293
17 2.922760
18 2.922760
19 2.922760
20 2.922760
21 3.076197
22 3.076197
23 3.076197
24 3.076197
25 3.180864
26 3.180864
27 3.180864
28 3.180864
29 3.204594
30 3.204594
31 3.270948
32 3.270948
33 3.270948
34 3.270948
35 3.394754
36 3.394754
37 3.394754
38 3.394754
39 3.440597
40 3.440597
41 3.440597
42 3.440597
43 3.606596
44 3.606596
45 3.606596
46 3.606596
47 3.804302
48 3.804302
49 3.804302
50 3.804302
51 3.827892
52 3.827892
53 3.827892
54 3.827892
55 3.920565
56 3.920565
57 3.920565
58 3.920565
59 3.936754
60 3.936754
61 4.036100
62 4.036100
63 4.036100
64 4.036100
65 4.164674
66 4.164674
67 4.164674
68 4.164674
69 4.201325
70 4.201325
71 4.201325
72 4.201325
Hartree-Fock energy after 24 Iterations: 8.431461
HF time: 3482
