Assemble time: 1850112
Single particles energies:
1 0.872461
2 0.872461
3 1.341339
4 1.341339
5 1.341339
6 1.341339
7 1.580104
8 1.580104
9 1.580104
10 1.580104
11 1.625726
12 1.625726
13 1.810144
14 1.810144
15 1.810144
16 1.810144
17 1.878779
18 1.878779
19 1.878779
20 1.878779
21 2.049533
22 2.049533
23 2.049533
24 2.049533
25 2.123402
26 2.123402
27 2.123402
28 2.123402
29 2.156407
30 2.156407
31 2.299728
32 2.299728
33 2.299728
34 2.299728
35 2.370245
36 2.370245
37 2.370245
38 2.370245
39 2.419657
40 2.419657
41 2.419657
42 2.419657
43 2.558794
44 2.558794
45 2.558794
46 2.558794
47 2.622683
48 2.622683
49 2.622683
50 2.622683
51 2.678118
52 2.678118
53 2.678118
54 2.678118
55 2.701082
56 2.701082
57 2.838124
58 2.838124
59 2.838124
60 2.838124
61 2.920076
62 2.920076
63 2.920076
64 2.920076
65 3.011112
66 3.011112
67 3.011112
68 3.011112
69 3.074679
70 3.074679
71 3.074679
72 3.074679
73 3.107118
74 3.107118
75 3.107118
76 3.107118
77 3.175965
78 3.175965
79 3.175965
80 3.175965
81 3.259921
82 3.259921
83 3.259921
84 3.259921
85 3.334336
86 3.334336
87 3.334336
88 3.334336
89 3.364800
90 3.364800
Hartree-Fock energy after 13 Iterations: 1.204351
HF time: 5531
