Assemble time: 26167037
Single particles energies:
1 0.872461
2 0.872461
3 1.341337
4 1.341337
5 1.341337
6 1.341337
7 1.580103
8 1.580103
9 1.580103
10 1.580103
11 1.625721
12 1.625721
13 1.810147
14 1.810147
15 1.810147
16 1.810147
17 1.878760
18 1.878760
19 1.878760
20 1.878760
21 2.049530
22 2.049530
23 2.049530
24 2.049530
25 2.123398
26 2.123398
27 2.123398
28 2.123398
29 2.156398
30 2.156398
31 2.299500
32 2.299500
33 2.299500
34 2.299500
35 2.369982
36 2.369982
37 2.369982
38 2.369982
39 2.419547
40 2.419547
41 2.419547
42 2.419547
43 2.558546
44 2.558546
45 2.558546
46 2.558546
47 2.622230
48 2.622230
49 2.622230
50 2.622230
51 2.677770
52 2.677770
53 2.677770
54 2.677770
55 2.700848
56 2.700848
57 2.825119
58 2.825119
59 2.825119
60 2.825119
61 2.881389
62 2.881389
63 2.881389
64 2.881389
65 2.937052
66 2.937052
67 2.937052
68 2.937052
69 2.973358
70 2.973358
71 2.973358
72 2.973358
73 3.097171
74 3.097171
75 3.097171
76 3.097171
77 3.145955
78 3.145955
79 3.145955
80 3.145955
81 3.198795
82 3.198795
83 3.198795
84 3.198795
85 3.241612
86 3.241612
87 3.241612
88 3.241612
89 3.258459
90 3.258459
91 3.381462
92 3.381462
93 3.381462
94 3.381462
95 3.438987
96 3.438987
97 3.438987
98 3.438987
99 3.513549
100 3.513549
101 3.513549
102 3.513549
103 3.590091
104 3.590091
105 3.590091
106 3.590091
107 3.640473
108 3.640473
109 3.640473
110 3.640473
111 3.659947
112 3.659947
113 3.659947
114 3.659947
115 3.708053
116 3.708053
117 3.708053
118 3.708053
119 3.772820
120 3.772820
121 3.772820
122 3.772820
123 3.846192
124 3.846192
125 3.846192
126 3.846192
127 3.907383
128 3.907383
129 3.907383
130 3.907383
131 3.931562
132 3.931562
Hartree-Fock energy after 13 Iterations: 1.204351
HF time: 22857
