Assemble time: 10228
Single particles energies:
1 3.567304
2 3.567304
3 3.722908
4 3.722908
5 3.744138
6 3.744138
7 3.878947
8 3.878947
9 3.879303
10 3.879303
11 3.936901
12 3.936901
13 4.460996
14 4.460996
15 4.463361
16 4.463361
17 4.469228
18 4.469228
19 4.502955
20 4.502955
21 4.815555
22 4.815555
23 4.818910
24 4.818910
25 4.946955
26 4.946955
27 4.947207
28 4.947207
29 4.979253
30 4.979253
31 5.003751
32 5.003751
33 5.021741
34 5.021741
35 5.189085
36 5.189085
37 5.189174
38 5.189174
39 5.257346
40 5.257346
41 5.279751
42 5.279751
Hartree-Fock energy after 1000 Iterations: 28.361143
HF time: 19069
