Assemble time: 7371922
Single particles energies:
1 2.031209
2 2.031209
3 2.243819
4 2.243819
5 2.243819
6 2.243819
7 2.639937
8 2.639937
9 2.639937
10 2.639937
11 2.698305
12 2.698305
13 2.862258
14 2.862258
15 2.862258
16 2.862258
17 2.922491
18 2.922491
19 2.922491
20 2.922491
21 3.060889
22 3.060889
23 3.060889
24 3.060889
25 3.145602
26 3.145602
27 3.145602
28 3.145602
29 3.163322
30 3.163322
31 3.260467
32 3.260467
33 3.260467
34 3.260467
35 3.363783
36 3.363783
37 3.363783
38 3.363783
39 3.398597
40 3.398597
41 3.398597
42 3.398597
43 3.474289
44 3.474289
45 3.474289
46 3.474289
47 3.604950
48 3.604950
49 3.604950
50 3.604950
51 3.674571
52 3.674571
53 3.674571
54 3.674571
55 3.687942
56 3.687942
57 3.687942
58 3.687942
59 3.688949
60 3.688949
61 3.816889
62 3.816889
63 3.816889
64 3.816889
65 3.904747
66 3.904747
67 3.904747
68 3.904747
69 3.935125
70 3.935125
71 3.935125
72 3.935125
73 4.011819
74 4.011819
75 4.011819
76 4.011819
77 4.229442
78 4.229442
79 4.229442
80 4.229442
81 4.241339
82 4.241339
83 4.241339
84 4.241339
85 4.398882
86 4.398882
87 4.398882
88 4.398882
89 4.448075
90 4.448075
91 4.448075
92 4.448075
93 4.461745
94 4.461745
95 4.461745
96 4.461745
97 4.473594
98 4.473594
99 4.624686
100 4.624686
101 4.624686
102 4.624686
103 4.715872
104 4.715872
105 4.715872
106 4.715872
107 4.742860
108 4.742860
109 4.742860
110 4.742860
Hartree-Fock energy after 24 Iterations: 8.431402
HF time: 20458
