Assemble time: 395960
Single particles energies:
1 0.872469
2 0.872469
3 1.341339
4 1.341339
5 1.341339
6 1.341339
7 1.580099
8 1.580099
9 1.580099
10 1.580099
11 1.625736
12 1.625736
13 1.810128
14 1.810128
15 1.810128
16 1.810128
17 1.878785
18 1.878785
19 1.878785
20 1.878785
21 2.049677
22 2.049677
23 2.049677
24 2.049677
25 2.123488
26 2.123488
27 2.123488
28 2.123488
29 2.156416
30 2.156416
31 2.299722
32 2.299722
33 2.299722
34 2.299722
35 2.370250
36 2.370250
37 2.370250
38 2.370250
39 2.419654
40 2.419654
41 2.419654
42 2.419654
43 2.576041
44 2.576041
45 2.576041
46 2.576041
47 2.672124
48 2.672124
49 2.672124
50 2.672124
51 2.764617
52 2.764617
53 2.764617
54 2.764617
55 2.804504
56 2.804504
57 2.838125
58 2.838125
59 2.838125
60 2.838125
61 2.920058
62 2.920058
63 2.920058
64 2.920058
65 3.011133
66 3.011133
67 3.011133
68 3.011133
69 3.074673
70 3.074673
71 3.074673
72 3.074673
Hartree-Fock energy after 13 Iterations: 1.204356
HF time: 2088
