Assemble time: 10209
Single particles energies:
1 2.034673
2 2.034673
3 2.246819
4 2.246819
5 2.246819
6 2.246819
7 2.663921
8 2.663921
9 2.663921
10 2.663921
11 2.733203
12 2.733203
13 2.884453
14 2.884453
15 2.884453
16 2.884453
17 2.961057
18 2.961057
19 2.961057
20 2.961057
21 3.230924
22 3.230924
23 3.230924
24 3.230924
25 3.384599
26 3.384599
27 3.384599
28 3.384599
29 3.412671
30 3.412671
31 3.418845
32 3.418845
33 3.418845
34 3.418845
35 3.613975
36 3.613975
37 3.613975
38 3.613975
39 3.671069
40 3.671069
41 3.671069
42 3.671069
Hartree-Fock energy after 24 Iterations: 8.433295
HF time: 485
