Assemble time: 1856929
Single particles energies:
1 3.631636
2 3.631636
3 3.872735
4 3.872735
5 4.050725
6 4.050725
7 4.119372
8 4.119372
9 4.287531
10 4.287531
11 4.375527
12 4.375527
13 4.501409
14 4.501409
15 4.555114
16 4.555114
17 4.658644
18 4.658644
19 4.756484
20 4.756484
21 4.868586
22 4.868586
23 5.005927
24 5.005927
25 5.037710
26 5.037710
27 5.180599
28 5.180599
29 5.284067
30 5.284067
31 5.367572
32 5.367572
33 5.472953
34 5.472953
35 5.630814
36 5.630814
37 5.740268
38 5.740268
39 5.853387
40 5.853387
41 6.129834
42 6.129834
43 6.144486
44 6.144486
45 6.247325
46 6.247325
47 6.340464
48 6.340464
49 6.620377
50 6.620377
51 6.797483
52 6.797483
53 6.896284
54 6.896284
55 7.161687
56 7.161687
57 7.312584
58 7.312584
59 7.418073
60 7.418073
61 7.626803
62 7.626803
63 7.879482
64 7.879482
65 7.930024
66 7.930024
67 8.087439
68 8.087439
69 8.330576
70 8.330576
71 8.480140
72 8.480140
73 8.561985
74 8.561985
75 8.821651
76 8.821651
77 9.161559
78 9.161559
79 9.201080
80 9.201080
81 9.438700
82 9.438700
83 9.560036
84 9.560036
85 9.830671
86 9.830671
87 9.983710
88 9.983710
89 10.044015
90 10.044015
Hartree-Fock energy after 64 Iterations: 19.081318
HF time: 23238
